55 57 113 114 -1 99 101 169 193 -1 117 124 176 -1 102 169 193 -1 117 176 -1 101 192 193 -1 117 124 176 -1 101 169 192 193 -1 20 117 124 -1 85 99 100 169 -1 72 124 -1 169 170 -1 46 87 -1 47 48 149 150 -1 21 142 175 187 -1 98 135 155 156 -1 46 183 -1 47 221 -1 87 -1 150 -1 106 199 217 -1 36 37 126 127 178 -1 19 154 -1 52 159 188 -1 137 154 -1 119 120 -1 -2
31 32 -1 -2
70 71 -1 9 10 27 73 75 -1 -2
93 99 101 201 -1 137 191 -1 -2
92 93 -1 137 -1 88 105 -1 93 140 141 -1 15 20 -1 85 152 -1 15 20 105 117 -1 85 86 140 141 152 153 -1 -2
115 116 197 214 -1 75 126 -1 71 106 199 -1 36 37 75 126 127 -1 106 154 -1 89 91 125 126 -1 137 154 -1 120 -1 -2
32 165 -1 -2
164 165 166 -1 -2
93 201 -1 87 183 -1 150 221 -1 88 -1 93 201 -1 20 117 -1 85 99 101 -1 15 20 -1 85 152 -1 20 117 -1 121 215 216 -1 99 169 170 -1 46 72 175 184 -1 42 197 214 218 -1 8 26 74 75 -1 137 -1 119 -1 -2
137 -1 58 -1 -2
27 29 98 -1 70 71 175 -1 26 27 74 75 97 98 -1 70 187 191 -1 13 14 132 133 -1 13 14 132 190 -1 -2
15 65 195 199 -1 33 80 95 107 -1 63 64 207 209 -1 106 199 -1 125 126 -1 70 71 175 -1 26 27 28 74 75 97 -1 70 142 187 -1 10 27 135 156 -1 70 175 -1 27 75 98 -1 46 87 183 -1 47 49 150 221 -1 117 176 -1 99 101 193 -1 65 195 217 -1 62 79 95 109 -1 9 10 73 75 -1 -2
1 2 3 34 35 76 -1 169 211 212 -1 70 175 187 -1 42 55 110 -1 8 10 27 -1 137 191 -1 69 143 -1 -2
38 39 -1 89 172 173 -1 19 154 -1 52 159 -1 -2
116 197 214 -1 126 127 -1 19 106 217 -1 63 125 126 179 180 209 -1 106 -1 126 127 -1 19 154 -1 52 159 160 -1 -2
55 56 57 113 -1 101 169 -1 15 20 -1 85 152 169 -1 88 148 183 -1 197 203 205 -1 85 86 152 153 -1 15 20 -1 85 86 152 153 -1 15 20 -1 85 86 152 153 169 -1 15 65 124 195 -1 152 169 180 208 209 -1 19 65 -1 63 64 207 -1 19 65 -1 52 188 189 -1 137 -1 119 -1 -2
38 39 -1 -2
99 101 169 193 -1 72 -1 47 212 -1 184 199 -1 95 218 -1 11 12 62 120 -1 44 159 160 -1 -2
137 154 -1 -2
30 32 39 -1 -2
137 154 -1 89 90 172 -1 -2
61 62 94 95 113 -1 47 150 193 -1 72 124 -1 169 212 -1 20 117 124 -1 85 86 99 169 171 -1 106 217 -1 61 62 79 94 95 -1 75 125 126 -1 71 106 -1 10 74 75 91 -1 70 71 -1 10 75 89 -1 -2
70 142 187 -1 25 55 57 111 112 -1 27 29 98 135 -1 71 106 -1 73 75 -1 19 106 154 -1 11 120 -1 44 52 159 -1 -2
19 154 217 -1 11 12 79 120 -1 63 64 207 -1 65 217 -1 63 126 208 -1 19 154 -1 11 12 120 -1 52 159 -1 -2
94 95 96 218 219 -1 47 48 83 211 212 -1 70 187 -1 10 27 135 136 155 -1 70 187 -1 8 10 26 27 136 155 -1 142 187 -1 10 155 -1 142 191 -1 69 143 -1 137 154 -1 -2
30 31 32 38 39 -1 -2
149 150 -1 46 72 -1 197 200 214 -1 99 101 193 -1 72 124 176 -1 169 170 193 194 211 213 -1 46 175 183 -1 47 48 97 98 -1 21 70 175 183 -1 27 97 98 136 -1 21 70 142 187 -1 27 135 155 156 -1 21 70 175 187 -1 26 27 98 136 155 -1 137 191 -1 5 68 69 -1 -2
70 71 -1 55 113 -1 73 75 -1 106 -1 126 127 -1 19 154 -1 51 52 160 -1 -2
1 2 115 116 -1 8 10 26 27 75 -1 70 137 -1 13 190 -1 -2
104 201 -1 87 88 176 -1 115 116 197 198 214 -1 100 193 194 -1 46 87 -1 47 149 150 -1 22 46 183 -1 47 49 155 162 -1 46 87 -1 47 49 150 -1 72 -1 47 211 213 -1 46 87 -1 47 150 -1 106 199 -1 36 37 126 -1 20 195 199 217 -1 36 37 178 180 208 -1 65 195 217 -1 126 177 180 207 -1 195 199 217 -1 36 153 178 180 208 -1 19 154 -1 196 206 -1 -2
1 2 3 116 147 -1 27 29 81 98 -1 71 184 199 -1 36 75 126 -1 22 148 183 -1 75 -1 71 106 199 -1 36 37 73 75 81 83 98 -1 71 106 -1 74 75 125 126 -1 142 187 -1 135 155 156 -1 21 70 175 187 -1 26 27 28 136 155 -1 142 187 -1 135 155 156 -1 70 175 -1 27 29 98 -1 71 106 199 -1 36 74 75 126 -1 70 71 -1 9 10 27 73 75 -1 71 106 -1 74 75 -1 142 187 -1 135 155 156 -1 70 71 -1 55 113 -1 -2
66 67 139 -1 -2
65 195 199 -1 36 180 207 208 209 -1 65 195 199 217 -1 35 79 95 107 -1 36 179 180 -1 70 142 187 -1 27 135 155 156 -1 70 175 187 -1 27 98 135 -1 46 87 -1 47 49 -1 117 124 176 -1 101 169 193 -1 15 20 65 195 -1 152 153 169 178 208 -1 15 65 195 -1 36 152 180 207 209 -1 117 124 -1 99 100 102 169 170 -1 46 87 -1 47 48 149 -1 46 175 183 -1 47 48 136 220 221 -1 21 142 187 -1 135 155 156 -1 22 46 183 -1 47 135 156 162 -1 46 87 -1 47 49 150 151 -1 15 20 -1 85 86 152 153 169 -1 65 195 199 217 -1 37 178 180 208 -1 65 195 -1 178 208 -1 19 65 -1 52 188 189 -1 137 154 -1 -2
30 32 166 -1 -2
85 152 169 170 -1 46 87 176 -1 47 48 149 150 193 -1 46 175 -1 47 49 50 98 -1 46 72 175 -1 47 210 -1 46 87 176 -1 47 150 193 -1 72 124 -1 169 171 211 212 -1 71 106 -1 75 -1 -2
85 100 102 141 -1 88 117 176 -1 92 93 99 101 201 -1 117 124 -1 1 147 -1 36 126 -1 137 154 -1 119 120 -1 -2
31 38 39 -1 -2
61 62 113 -1 149 150 -1 46 87 183 -1 47 49 150 221 -1 46 87 -1 47 50 150 -1 87 176 -1 150 151 192 193 -1 15 20 -1 85 86 152 153 -1 19 65 -1 12 79 120 -1 63 64 207 -1 65 217 -1 63 64 207 209 -1 106 195 217 -1 125 126 179 180 208 209 -1 70 71 175 -1 26 27 75 97 98 -1 70 71 -1 10 27 75 -1 70 175 -1 26 27 98 136 -1 137 -1 119 -1 68 69 -1 19 106 217 -1 63 64 89 126 -1 106 217 -1 63 126 127 178 180 -1 65 217 -1 63 64 207 208 209 -1 106 199 -1 126 127 -1 19 154 -1 63 64 89 91 -1 137 154 -1 -2
31 38 39 -1 -2
36 126 178 180 -1 71 106 154 -1 196 -1 -2
66 67 166 -1 -2
93 99 101 -1 137 191 -1 -2
38 39 -1 -2
203 205 -1 92 93 201 -1 46 87 176 -1 116 197 214 -1 215 216 -1 121 123 206 -1 -2
106 -1 126 127 -1 -2
125 126 178 180 -1 106 217 -1 61 62 79 94 95 -1 36 37 126 127 -1 106 217 -1 181 196 -1 52 159 -1 -2
47 150 221 -1 88 -1 93 201 -1 117 -1 99 101 -1 20 117 124 -1 85 101 169 -1 35 147 -1 20 117 -1 85 101 169 -1 15 20 -1 4 35 -1 85 100 101 102 -1 87 176 -1 93 149 150 193 -1 87 183 -1 47 150 162 221 -1 46 87 -1 47 49 150 -1 117 176 -1 101 192 193 -1 20 117 -1 86 99 101 -1 65 195 199 217 -1 36 126 177 179 180 207 -1 117 124 -1 169 170 -1 21 142 175 187 -1 98 135 136 155 -1 70 71 175 -1 27 29 73 75 -1 71 106 -1 73 75 126 -1 19 65 -1 51 189 -1 -2
212 -1 65 217 -1 126 179 180 207 208 209 -1 106 199 -1 36 126 -1 65 195 199 217 -1 178 180 208 -1 65 217 -1 63 126 127 178 208 -1 65 217 -1 78 79 -1 106 199 -1 36 125 126 -1 46 72 -1 47 48 211 212 -1 70 175 -1 27 29 98 -1 106 217 -1 126 127 178 180 -1 65 217 -1 63 64 126 180 207 209 -1 106 217 -1 125 126 180 -1 106 -1 125 126 -1 46 72 -1 197 200 214 -1 16 52 -1 137 -1 -2
66 67 139 -1 -2
137 154 -1 -2
30 32 39 -1 -2
31 32 66 -1 -2
1 2 3 35 116 147 -1 10 27 135 -1 70 175 -1 27 29 98 -1 70 71 175 -1 27 29 73 75 -1 71 106 -1 73 75 126 -1 106 217 -1 16 52 188 -1 137 154 -1 119 120 -1 58 -1 154 -1 44 45 -1 -2
9 10 27 -1 71 106 -1 74 75 89 126 -1 137 -1 172 173 -1 137 -1 -2
32 38 39 -1 -2
1 2 3 116 147 -1 10 27 135 -1 72 124 -1 169 171 193 211 212 -1 72 184 199 -1 36 82 83 169 -1 70 175 -1 42 55 110 -1 8 10 27 75 -1 70 71 -1 10 27 73 75 -1 137 154 -1 89 90 172 -1 -2
27 29 73 75 -1 184 -1 95 113 218 -1 27 75 98 -1 175 184 -1 81 84 98 -1 106 199 -1 36 169 -1 71 106 -1 62 95 113 -1 74 75 126 -1 137 154 -1 196 -1 -2
30 32 166 -1 -2
115 147 197 200 214 -1 36 75 83 84 98 -1 46 87 -1 116 197 214 -1 36 84 -1 72 124 -1 169 212 -1 65 195 199 217 -1 36 126 177 179 180 207 -1 117 124 -1 99 101 169 171 -1 184 199 -1 36 83 -1 70 71 -1 10 27 73 75 -1 71 106 -1 74 75 126 -1 70 71 -1 9 10 73 75 -1 71 106 137 154 -1 74 75 89 91 126 -1 -2
2 146 147 -1 26 27 136 155 -1 70 187 -1 10 27 135 -1 70 187 -1 10 136 155 -1 137 191 -1 69 -1 -2
19 65 217 -1 63 64 207 -1 46 72 -1 197 200 214 -1 63 208 209 -1 137 154 -1 89 -1 -2
142 187 191 -1 10 155 156 -1 70 175 -1 27 29 98 135 -1 106 199 -1 36 37 126 -1 106 217 -1 182 196 -1 37 126 127 -1 65 217 -1 63 64 207 209 -1 106 217 -1 63 127 178 180 208 -1 19 65 217 -1 63 64 207 208 209 -1 46 72 87 176 -1 52 188 189 -1 -2
62 95 -1 9 10 73 75 -1 71 -1 74 75 -1 70 187 191 -1 5 6 69 143 -1 -2
169 170 193 211 213 -1 46 87 -1 47 48 -1 142 187 191 -1 23 25 158 -1 68 144 -1 137 191 -1 172 174 -1 137 191 -1 5 69 143 -1 -2
1 2 3 4 116 -1 10 27 135 -1 70 175 -1 27 29 98 -1 71 106 -1 73 75 126 -1 106 199 217 -1 37 126 127 178 -1 65 217 -1 63 64 207 208 209 -1 71 106 -1 62 113 -1 126 127 -1 -2
36 125 126 -1 137 191 -1 69 143 -1 -2
1 77 115 116 -1 10 73 75 -1 -2
30 32 166 -1 -2
25 55 57 111 112 -1 99 169 171 -1 106 199 -1 73 75 126 -1 106 217 -1 126 127 178 -1 154 -1 -2
164 166 -1 -2
31 32 38 139 -1 -2
47 99 169 171 193 194 -1 70 71 175 -1 27 28 74 75 97 98 -1 70 175 -1 26 27 97 98 -1 142 187 191 -1 5 68 143 -1 -2
67 -1 -2
106 217 -1 61 78 79 94 95 -1 36 37 152 153 178 180 208 -1 65 195 217 -1 121 122 181 -1 63 207 208 209 -1 71 106 -1 75 126 -1 -2
1 2 115 116 -1 9 10 27 73 75 -1 70 71 -1 9 10 73 75 -1 -2
19 65 -1 12 78 79 -1 36 179 180 208 209 -1 106 199 -1 36 126 -1 71 106 199 -1 36 73 75 126 -1 15 65 195 -1 178 180 208 -1 65 195 199 -1 36 126 178 208 -1 65 217 -1 121 122 181 196 -1 52 159 188 189 -1 -2
154 -1 89 90 -1 88 148 183 -1 137 154 -1 -2
30 32 -1 -2
85 99 141 152 -1 46 124 176 -1 47 150 169 171 193 -1 19 154 -1 51 160 -1 -2
1 2 34 35 146 147 -1 8 26 27 136 -1 142 191 -1 69 143 -1 -2
70 -1 55 118 119 158 -1 9 10 172 173 -1 106 137 154 -1 196 -1 -2
66 67 -1 -2
137 154 -1 119 120 -1 196 -1 -2
21 142 187 -1 98 136 155 -1 70 142 191 -1 25 157 158 -1 196 -1 -2
71 175 184 -1 40 41 42 55 57 197 -1 47 81 84 98 -1 117 124 -1 101 169 171 -1 19 154 -1 52 159 -1 -2
101 169 193 -1 15 20 -1 85 86 152 153 169 -1 15 65 195 199 -1 152 153 178 208 -1 19 65 154 -1 52 159 -1 -2
137 154 -1 -2
31 32 165 -1 119 120 -1 -2
155 156 172 -1 142 191 -1 69 143 -1 137 154 -1 -2
106 137 154 -1 -2
30 31 32 166 -1 -2
10 172 174 -1 70 137 -1 5 -1 154 -1 43 45 -1 -2
1 2 115 116 147 -1 10 27 73 75 -1 20 124 -1 85 101 169 171 -1 15 65 195 199 -1 35 79 95 107 109 -1 36 125 126 180 -1 137 191 -1 69 143 -1 137 154 -1 -2
30 31 32 166 -1 -2
65 195 217 -1 178 180 208 -1 19 154 -1 52 159 -1 -2
8 74 75 89 91 172 -1 137 -1 59 60 -1 -2
137 154 -1 119 120 -1 -2
31 38 39 -1 -2
137 154 -1 -2
30 31 165 166 -1 -2
115 116 197 -1 73 75 -1 19 65 217 -1 63 126 180 -1 154 -1 44 -1 -2
116 197 214 -1 36 37 73 75 126 -1 106 199 -1 181 182 196 -1 63 126 127 178 180 -1 19 65 154 -1 52 159 188 -1 142 191 -1 155 156 172 -1 142 191 -1 155 156 -1 137 -1 119 157 -1 58 60 -1 137 -1 119 120 -1 -2
30 31 32 -1 -2
30 32 166 -1 -2
41 55 57 113 114 -1 102 193 -1 88 -1 92 93 201 -1 117 176 -1 101 102 193 -1 117 -1 99 101 -1 117 176 -1 101 169 192 193 -1 15 20 -1 1 33 35 -1 63 64 125 180 208 209 -1 106 -1 75 125 126 -1 -2
115 116 197 198 -1 196 -1 74 75 125 126 -1 70 71 -1 8 10 74 75 -1 70 187 191 -1 5 -1 -2
162 221 -1 22 183 -1 162 163 221 -1 46 183 -1 47 48 220 -1 142 187 -1 23 25 -1 69 143 -1 -2
36 169 213 -1 46 72 124 176 -1 101 169 192 193 212 -1 117 124 176 -1 147 200 -1 99 101 -1 117 124 176 -1 101 102 169 -1 117 -1 99 100 102 -1 87 -1 149 150 -1 46 87 -1 47 48 149 150 -1 70 175 -1 10 27 -1 21 70 175 183 -1 23 42 110 112 128 -1 5 69 143 -1 -2
87 -1 149 150 193 -1 87 183 -1 47 149 150 221 -1 22 183 -1 162 221 -1 22 87 183 -1 128 203 204 214 -1 97 98 136 155 163 -1 21 142 175 187 -1 27 135 136 155 156 -1 21 22 142 187 -1 98 136 155 163 -1 142 191 -1 5 143 -1 19 154 -1 51 160 161 -1 -2
150 162 221 -1 87 183 -1 103 149 150 220 221 -1 22 183 -1 162 221 -1 46 87 -1 47 49 150 221 -1 46 117 124 176 -1 47 169 193 210 212 -1 88 117 176 -1 93 99 101 193 -1 20 117 124 -1 1 33 35 147 -1 179 180 208 209 -1 106 199 -1 61 94 95 -1 36 37 81 126 -1 106 195 217 -1 125 126 178 180 -1 106 -1 181 182 196 -1 196 -1 -2
70 175 -1 27 29 98 -1 70 71 -1 27 73 75 -1 106 199 -1 36 37 75 126 127 -1 19 65 217 -1 63 64 126 180 208 209 -1 106 217 -1 62 95 -1 44 159 160 161 -1 -2
115 116 197 214 -1 74 75 126 -1 137 -1 172 -1 137 191 -1 68 69 -1 -2
61 94 95 96 -1 36 74 125 126 -1 70 71 -1 8 10 26 27 74 75 -1 70 71 -1 55 57 114 -1 8 10 27 28 74 75 -1 70 187 191 -1 8 10 136 155 -1 142 191 -1 69 143 -1 -2
42 197 214 -1 36 37 126 -1 106 199 -1 36 126 -1 106 199 -1 36 126 178 180 -1 106 199 -1 36 126 -1 20 124 -1 85 169 170 -1 117 124 -1 102 169 170 193 -1 46 87 -1 47 149 150 -1 22 183 -1 128 204 214 -1 135 136 155 156 -1 21 70 175 187 -1 27 98 135 -1 46 87 -1 47 49 150 151 -1 20 117 124 -1 99 101 169 171 -1 15 65 195 199 -1 36 152 179 180 207 209 -1 117 124 -1 102 169 -1 20 117 124 -1 99 100 102 169 170 -1 46 72 176 -1 115 116 147 197 214 -1 26 27 75 97 98 -1 70 71 -1 55 113 -1 10 74 75 -1 -2
40 41 55 57 111 112 -1 99 101 169 171 -1 106 199 -1 75 125 126 -1 106 199 -1 36 75 125 126 -1 71 106 -1 75 126 -1 71 106 199 -1 36 74 75 125 126 -1 70 142 187 -1 27 29 135 136 155 -1 70 175 -1 8 10 26 27 28 -1 70 187 -1 9 10 27 135 136 155 -1 70 71 -1 13 14 196 -1 -2
101 169 -1 15 124 -1 85 152 169 -1 15 20 -1 85 86 152 153 -1 65 195 217 -1 180 208 209 -1 71 106 -1 75 125 126 -1 70 71 137 154 -1 -2
30 32 39 138 -1 -2
137 154 -1 119 120 -1 -2
47 149 150 193 -1 46 87 -1 115 116 197 214 -1 27 135 155 156 -1 46 72 184 -1 81 212 -1 65 106 195 217 -1 125 126 180 208 -1 137 154 -1 119 120 -1 -2
31 32 66 165 -1 -2
85 86 99 169 -1 20 124 -1 2 34 35 146 147 -1 36 82 83 -1 70 175 -1 42 55 110 -1 5 -1 -2
86 152 153 169 -1 106 199 217 -1 125 126 179 180 -1 71 -1 74 75 -1 70 71 175 -1 26 27 74 75 -1 142 191 -1 69 143 -1 -2
1 2 3 146 147 -1 42 55 113 -1 73 75 126 127 -1 19 154 -1 44 159 -1 -2
137 154 -1 89 -1 -2
137 -1 119 120 -1 196 -1 196 -1 -2
70 175 -1 27 28 75 97 98 -1 21 70 175 187 -1 13 133 134 -1 8 26 27 28 136 -1 142 187 -1 10 155 -1 137 191 -1 155 172 -1 142 191 -1 23 119 157 158 -1 69 143 -1 -2
61 94 95 113 -1 47 49 150 -1 72 124 184 -1 169 212 -1 117 124 -1 101 169 -1 15 20 -1 85 86 152 153 -1 154 -1 45 -1 -2
147 197 200 214 -1 36 37 75 81 83 126 -1 106 154 -1 -2
164 166 -1 -2
58 -1 -2
32 39 -1 -2
85 152 169 -1 88 117 -1 93 99 201 -1 87 176 -1 149 150 193 194 -1 46 87 183 -1 47 50 150 221 -1 87 176 -1 150 151 192 193 -1 20 117 -1 101 169 -1 15 20 117 -1 85 152 169 -1 46 72 -1 197 200 214 -1 26 27 98 136 -1 137 -1 58 68 69 -1 -2
9 10 27 29 135 -1 70 71 -1 8 10 74 75 -1 70 71 -1 13 14 196 -1 -2
65 195 217 -1 36 126 180 208 -1 15 65 195 199 -1 36 152 177 180 207 -1 20 117 -1 85 99 100 102 -1 46 87 -1 47 149 150 193 -1 22 183 -1 47 162 163 221 -1 70 175 -1 27 29 98 -1 71 175 -1 42 55 113 -1 8 10 26 27 75 -1 -2
172 173 -1 137 154 -1 -2
30 31 32 -1 -2
10 135 155 156 -1 70 -1 14 -1 -2
30 32 166 -1 -2
31 32 -1 -2
47 150 -1 22 183 -1 103 162 163 220 221 -1 142 187 -1 24 25 -1 98 135 155 156 -1 22 183 -1 47 49 155 162 -1 46 87 183 -1 47 49 150 151 -1 117 124 -1 101 169 -1 20 117 -1 85 152 169 -1 117 -1 99 100 101 102 193 -1 46 87 183 -1 47 48 220 221 -1 21 22 142 187 -1 98 135 155 156 -1 22 183 -1 47 49 162 221 -1 46 87 -1 47 49 150 -1 15 65 195 199 -1 36 178 180 208 -1 106 199 217 -1 125 126 179 180 -1 106 199 -1 36 37 126 127 -1 19 65 154 -1 121 206 -1 -2
135 155 156 -1 21 22 142 187 -1 135 155 156 -1 22 46 183 -1 47 49 162 221 -1 72 124 -1 169 212 -1 19 65 217 -1 51 52 188 -1 -2
26 27 97 98 136 -1 142 187 -1 135 155 156 -1 70 187 -1 26 27 136 155 -1 137 191 -1 119 157 -1 69 143 -1 -2
36 37 178 180 -1 106 195 217 -1 61 79 94 95 108 -1 126 180 -1 65 195 199 217 -1 36 177 180 207 209 -1 117 124 -1 100 102 169 170 -1 46 87 -1 47 49 150 -1 72 -1 169 212 -1 15 20 124 -1 85 100 152 169 170 -1 72 -1 169 212 213 -1 46 87 -1 47 150 193 -1 65 217 -1 63 126 180 207 208 209 -1 106 217 -1 126 127 178 180 -1 19 154 -1 63 64 89 90 -1 88 148 -1 137 154 -1 -2
25 41 111 112 -1 27 98 135 -1 46 72 -1 47 49 212 -1 106 217 -1 63 126 178 180 -1 154 -1 89 91 -1 -2
85 152 169 -1 117 -1 101 102 -1 117 -1 100 101 102 -1 88 117 176 -1 93 99 101 193 201 -1 106 217 -1 126 177 180 207 -1 20 124 199 -1 2 95 146 147 -1 27 74 75 -1 142 187 -1 135 155 156 -1 70 175 187 -1 10 27 29 135 136 -1 70 175 -1 10 27 135 -1 21 70 175 187 -1 27 98 135 136 -1 70 -1 10 -1 70 -1 -2
15 65 195 199 -1 34 35 79 95 107 -1 36 125 179 180 -1 21 22 142 187 -1 98 135 136 155 -1 70 175 187 -1 27 29 98 135 -1 70 175 -1 27 29 98 -1 19 65 -1 63 64 207 -1 65 195 217 -1 178 180 208 -1 154 -1 89 91 -1 -2
10 27 -1 70 -1 8 10 27 28 -1 70 142 187 -1 10 136 155 -1 142 187 -1 10 155 -1 142 191 -1 155 156 -1 70 187 191 -1 8 10 136 155 -1 137 191 -1 155 156 172 173 -1 137 -1 172 173 -1 -2
61 94 95 96 109 -1 47 49 150 212 -1 117 124 -1 101 169 171 -1 15 20 124 -1 152 169 207 209 -1 117 -1 99 101 169 -1 117 124 -1 101 169 -1 20 117 124 -1 85 86 99 169 171 -1 106 199 217 -1 36 126 180 -1 15 20 -1 85 152 169 208 -1 20 124 199 -1 36 85 86 169 171 -1 106 -1 126 127 -1 19 106 154 -1 63 64 89 91 126 -1 106 154 -1 16 44 -1 -2
63 126 180 208 -1 19 106 217 -1 63 89 126 127 -1 19 154 -1 52 159 -1 -2
137 154 -1 -2
30 32 166 -1 -2
152 169 170 208 209 -1 15 20 124 -1 85 152 169 -1 117 124 -1 99 100 101 102 169 -1 21 142 175 187 -1 23 25 110 -1 5 143 -1 137 154 -1 -2
30 31 32 -1 -2
147 197 200 214 -1 36 74 75 82 83 -1 70 187 -1 8 10 26 27 136 -1 70 187 191 -1 10 135 136 155 -1 23 25 -1 70 187 191 -1 8 10 136 155 172 -1 142 191 -1 68 144 145 -1 -2
21 70 175 187 -1 27 98 135 -1 22 46 183 -1 47 135 162 221 -1 87 88 -1 93 150 201 -1 20 124 -1 85 86 99 169 171 -1 20 124 199 -1 36 85 169 170 180 -1 72 124 -1 169 170 211 -1 184 -1 83 97 -1 70 137 -1 118 119 158 -1 60 68 -1 -2
61 62 94 113 -1 47 150 151 -1 117 176 -1 101 193 -1 15 65 195 199 -1 152 180 208 209 -1 106 199 -1 36 126 -1 124 184 199 -1 36 37 169 -1 106 195 199 217 -1 37 126 127 178 180 -1 65 217 -1 63 64 207 208 209 -1 106 195 217 -1 125 126 178 180 -1 106 154 -1 -2
137 154 -1 119 120 -1 -2
39 -1 -2
87 -1 150 -1 117 176 -1 101 192 193 -1 15 20 124 -1 86 152 153 169 171 -1 65 195 199 -1 36 180 207 208 -1 15 65 195 199 -1 36 152 180 208 -1 106 199 -1 181 182 196 -1 74 125 126 -1 70 187 191 -1 9 10 173 -1 70 71 -1 8 10 75 -1 -2
63 89 -1 12 79 120 -1 19 65 -1 63 208 -1 19 65 -1 121 196 206 -1 63 64 89 90 -1 106 154 -1 -2
36 169 -1 117 124 -1 102 169 -1 87 88 176 -1 93 149 150 193 194 201 -1 87 176 -1 149 150 193 -1 22 87 183 -1 128 203 204 214 -1 135 136 155 156 -1 70 175 -1 10 27 29 -1 70 71 -1 9 10 27 73 75 -1 71 -1 10 73 75 -1 19 106 217 -1 126 127 -1 19 154 -1 63 64 89 90 -1 19 106 217 -1 16 -1 -2
66 67 166 -1 -2
137 -1 172 173 -1 137 154 -1 -2
31 32 38 -1 22 46 183 -1 47 136 155 162 163 -1 -2
21 22 142 187 -1 98 136 155 162 -1 21 70 175 187 -1 25 42 55 112 -1 98 135 155 156 -1 22 46 -1 47 156 162 -1 22 183 -1 162 221 -1 88 -1 92 93 201 -1 117 176 -1 99 101 193 -1 106 199 217 -1 36 125 126 -1 71 106 -1 196 -1 -2
55 57 113 114 -1 99 101 193 -1 106 199 -1 36 37 126 -1 20 195 199 217 -1 36 152 178 179 180 -1 106 199 -1 36 37 75 126 127 -1 19 154 -1 44 52 159 -1 137 -1 119 120 -1 137 142 191 -1 23 119 157 158 -1 137 -1 58 69 -1 -2
16 52 -1 137 154 -1 -2
31 32 38 -1 -2
99 169 193 211 -1 70 71 175 -1 26 27 28 74 75 -1 142 187 -1 23 25 158 -1 69 143 -1 106 154 -1 89 126 -1 106 217 -1 63 126 127 178 -1 19 217 -1 63 64 89 -1 19 106 154 217 -1 16 52 -1 -2
126 127 -1 19 154 -1 63 64 89 91 -1 106 154 -1 -2
66 67 166 -1 -2
40 41 55 57 111 112 -1 101 169 -1 142 187 -1 27 136 155 -1 142 187 -1 24 25 -1 21 22 142 -1 135 155 156 162 -1 46 87 -1 47 49 150 151 -1 117 124 176 -1 99 101 169 171 193 -1 72 117 124 176 -1 101 169 171 193 212 -1 124 199 -1 36 37 169 171 -1 65 195 217 -1 79 80 95 107 -1 63 89 91 125 126 -1 106 -1 89 91 125 126 -1 71 106 -1 -2
155 156 172 -1 70 187 -1 5 -1 137 154 -1 89 172 -1 -2
30 31 32 166 -1 -2
101 169 171 -1 20 124 199 -1 35 95 107 147 -1 74 75 126 -1 70 175 -1 26 27 97 98 -1 70 187 191 -1 9 10 27 135 -1 70 71 -1 -2
66 67 139 -1 -2
93 141 -1 88 105 117 -1 93 101 141 201 -1 20 105 117 -1 85 141 152 -1 117 -1 99 100 102 -1 87 176 -1 102 193 -1 87 88 -1 93 149 150 193 201 -1 22 183 -1 128 203 204 214 -1 47 48 136 163 220 221 -1 70 187 -1 8 10 26 27 136 -1 137 191 -1 10 155 156 172 173 -1 70 137 -1 -2
38 39 139 -1 -2
97 98 136 155 -1 142 187 -1 25 112 -1 10 27 29 73 75 -1 106 217 -1 125 126 -1 71 106 -1 73 75 126 127 -1 -2
1 2 115 116 147 -1 27 29 73 75 98 -1 106 199 -1 36 125 126 -1 71 106 -1 62 113 -1 89 -1 19 154 -1 44 52 159 -1 -2
138 139 -1 -2
61 94 95 113 114 -1 47 48 149 150 193 -1 70 175 -1 26 27 97 98 -1 70 187 191 -1 23 25 158 -1 69 143 -1 -2
93 149 150 201 -1 154 -1 -2
8 10 27 75 -1 137 -1 -2
31 38 39 -1 -2
63 64 207 208 209 -1 19 65 217 -1 63 180 208 -1 65 217 -1 63 64 207 -1 65 195 217 -1 126 180 207 208 209 -1 106 199 217 -1 36 125 126 180 -1 71 106 -1 74 75 -1 70 175 -1 10 27 28 75 -1 70 142 187 -1 10 27 135 156 -1 46 87 -1 47 49 150 -1 117 124 -1 169 171 212 -1 106 199 217 -1 61 62 79 94 95 109 -1 36 37 126 127 -1 106 154 -1 120 -1 63 89 -1 -2
67 138 139 -1 -2
30 32 166 -1 -2
74 75 -1 70 71 -1 8 10 73 75 -1 137 154 -1 -2
31 32 38 -1 -2
76 197 -1 92 93 201 -1 154 -1 65 217 -1 63 208 -1 -2
93 201 -1 87 -1 150 -1 87 176 -1 150 193 -1 117 124 176 -1 99 169 193 194 211 -1 46 72 -1 211 212 -1 70 175 -1 27 97 98 -1 21 22 142 175 187 -1 98 135 136 155 156 162 -1 46 175 -1 27 47 97 98 -1 21 22 142 187 -1 135 155 156 -1 46 87 -1 47 49 150 151 -1 117 124 -1 99 101 169 171 -1 65 195 217 -1 178 180 208 -1 19 106 217 -1 11 12 62 80 95 -1 51 160 -1 -2
70 187 191 -1 5 -1 137 154 -1 -2
30 32 -1 -2
71 106 199 -1 74 75 125 126 -1 70 71 -1 55 56 57 -1 26 27 28 74 75 97 -1 70 175 -1 10 27 135 -1 21 70 175 187 -1 27 29 98 135 136 -1 70 71 -1 9 10 27 73 75 -1 106 199 217 -1 126 127 178 180 208 -1 65 217 -1 61 62 79 -1 75 125 126 -1 71 106 -1 75 126 127 -1 71 106 -1 -2
117 176 -1 99 100 193 194 -1 46 87 -1 47 49 150 193 -1 20 117 124 -1 85 100 102 169 170 -1 46 87 -1 47 49 150 151 -1 117 176 -1 101 192 193 -1 15 20 117 -1 85 86 152 153 -1 15 20 -1 152 153 169 208 -1 15 65 195 -1 36 177 180 207 -1 15 20 124 -1 86 152 153 169 178 208 -1 20 124 195 199 217 -1 36 37 86 169 171 178 180 -1 19 217 -1 52 159 188 -1 -2
89 90 -1 -2
85 152 153 169 -1 124 199 -1 36 169 -1 87 176 -1 149 150 193 194 -1 21 22 142 187 -1 98 135 136 155 156 -1 46 175 -1 47 49 98 -1 72 -1 212 -1 20 124 -1 85 86 169 171 -1 106 195 199 217 -1 36 126 180 -1 65 195 -1 180 207 208 -1 15 20 -1 85 152 169 209 -1 117 124 -1 169 170 -1 46 87 -1 47 48 -1 70 71 -1 55 113 -1 190 196 -1 -2
65 195 199 -1 36 180 207 -1 15 20 -1 85 152 169 -1 117 176 -1 99 149 193 194 -1 46 175 -1 27 47 98 -1 117 124 -1 101 169 171 -1 20 124 195 199 217 -1 36 85 169 180 -1 20 117 124 -1 85 99 101 169 171 -1 15 20 124 -1 85 152 169 170 180 -1 72 124 176 -1 47 169 170 193 194 211 213 -1 46 87 -1 197 214 -1 8 10 26 27 28 -1 142 191 -1 155 156 -1 70 -1 10 27 135 -1 70 142 175 187 -1 27 135 136 155 156 -1 106 184 199 -1 36 37 81 169 -1 65 217 -1 63 64 207 -1 65 217 -1 63 125 126 179 180 208 209 -1 106 -1 75 125 126 -1 106 -1 73 75 89 126 -1 -2
63 208 -1 65 217 -1 121 181 196 206 -1 89 90 -1 -2
39 -1 -2
137 154 -1 119 120 -1 89 91 -1 -2
25 55 57 111 112 -1 85 86 99 101 153 -1 71 106 -1 62 113 -1 89 -1 154 -1 120 -1 44 45 -1 -2
103 104 201 -1 46 87 176 -1 47 150 193 -1 117 176 -1 1 4 76 77 116 -1 85 101 169 -1 15 20 124 -1 85 152 153 169 -1 106 199 217 -1 33 95 107 -1 63 126 127 180 -1 65 217 -1 63 64 126 180 207 -1 106 195 199 217 -1 126 178 180 208 -1 154 -1 44 -1 -2
46 183 -1 47 48 221 -1 21 22 46 175 183 -1 98 135 136 155 162 -1 124 199 -1 36 37 126 -1 19 65 -1 63 208 -1 19 65 154 -1 63 64 89 207 -1 -2
13 14 133 -1 9 10 27 29 -1 137 154 -1 89 91 -1 137 154 -1 196 -1 -2
30 32 166 -1 -2
31 32 -1 -2
117 -1 99 100 101 102 -1 87 -1 116 197 214 -1 101 150 192 193 -1 20 117 124 -1 85 86 101 169 171 -1 65 195 217 -1 180 208 209 -1 106 195 199 217 -1 121 122 181 182 -1 121 122 181 206 -1 196 206 -1 63 89 91 -1 -2
185 186 -1 197 214 -1 73 75 -1 -2
1 115 116 -1 73 75 -1 106 -1 62 95 -1 16 44 45 -1 -2
196 206 -1 -2
1 77 115 116 197 -1 13 196 -1 196 -1 10 75 -1 -2
36 82 83 84 -1 71 175 184 -1 27 28 82 83 97 98 -1 70 142 187 -1 23 25 110 -1 13 14 132 133 -1 58 69 -1 -2
137 154 -1 119 120 -1 155 156 -1 70 187 -1 5 143 -1 137 154 -1 -2
30 31 32 39 -1 -2
117 124 -1 99 101 169 171 -1 15 20 124 -1 85 86 152 153 169 180 -1 71 106 154 -1 62 120 -1 63 125 126 -1 106 137 154 -1 62 120 -1 44 159 -1 -2
106 199 -1 62 95 -1 36 169 178 180 -1 71 106 -1 62 113 -1 75 89 126 127 -1 137 154 -1 -2
30 32 166 -1 -2
1 2 4 33 77 -1 16 52 -1 137 154 -1 -2
32 165 -1 -2
137 154 -1 -2
137 154 -1 119 120 -1 -2
99 101 -1 124 184 199 -1 36 37 169 -1 15 65 195 -1 36 178 180 208 -1 154 -1 44 159 -1 -2
135 136 155 -1 70 187 -1 10 27 135 136 -1 21 142 187 -1 135 136 155 156 -1 70 71 175 -1 13 14 196 -1 13 14 196 -1 74 75 126 -1 70 71 -1 26 27 74 75 -1 70 71 137 -1 196 -1 -2
55 57 113 114 -1 215 216 -1 169 170 193 211 213 -1 22 87 183 -1 128 203 204 214 -1 8 10 27 136 155 -1 70 187 191 -1 10 155 -1 137 191 -1 119 157 158 -1 68 69 -1 -2
47 49 212 -1 117 124 -1 86 101 169 171 -1 65 195 -1 61 79 95 109 -1 36 126 -1 117 124 -1 100 169 170 -1 46 87 -1 47 49 150 151 193 -1 117 124 -1 101 169 171 -1 65 195 199 -1 121 123 182 -1 33 35 80 107 -1 63 125 126 179 180 209 -1 106 199 -1 125 126 -1 71 106 199 -1 36 73 75 126 127 -1 71 106 154 -1 196 -1 -2
41 55 56 57 112 -1 85 101 169 -1 15 20 -1 85 86 152 153 -1 71 106 -1 62 113 114 -1 36 37 73 126 -1 106 199 217 -1 36 125 126 180 -1 106 184 199 -1 95 -1 73 75 126 127 -1 19 65 154 -1 52 159 188 -1 137 191 -1 118 119 158 -1 -2
2 34 35 -1 27 97 98 136 -1 70 142 187 -1 10 136 155 -1 142 191 -1 23 119 157 158 -1 14 134 190 -1 172 173 174 -1 70 -1 8 10 74 -1 70 187 191 -1 10 135 156 172 -1 70 187 -1 8 10 26 27 136 -1 70 187 191 -1 10 27 135 -1 70 175 187 -1 27 135 136 156 -1 70 175 -1 27 29 98 -1 106 199 -1 36 37 126 -1 106 199 -1 75 125 126 -1 71 106 -1 61 62 113 114 -1 36 74 75 125 126 -1 70 71 -1 9 10 27 73 75 -1 70 71 -1 55 113 -1 8 10 26 74 75 -1 -2
197 214 -1 36 37 126 127 -1 106 217 -1 89 126 127 -1 19 65 217 -1 63 64 207 209 -1 106 -1 75 126 127 -1 19 65 -1 52 159 -1 137 154 -1 119 120 -1 172 173 174 -1 137 -1 119 120 -1 -2
39 138 -1 -2
137 -1 172 -1 -2
152 169 180 208 -1 33 35 107 147 -1 106 195 199 217 -1 36 126 180 -1 15 20 124 -1 85 86 152 153 169 171 -1 106 217 -1 61 62 94 95 -1 36 37 75 126 127 -1 137 154 -1 -2
30 166 -1 -2
85 152 -1 20 117 -1 99 101 -1 20 117 -1 85 102 169 -1 117 -1 99 101 -1 117 124 -1 101 169 171 193 -1 19 65 -1 63 64 208 209 -1 71 106 137 154 -1 -2
47 150 151 192 193 -1 117 124 -1 1 4 147 -1 37 126 127 178 180 -1 65 217 -1 63 64 207 208 209 -1 106 199 -1 36 125 126 -1 71 184 199 -1 36 74 75 82 83 -1 70 71 -1 55 113 -1 10 73 75 -1 71 106 -1 73 75 126 127 -1 19 106 217 -1 11 12 80 120 -1 44 52 159 -1 137 154 -1 119 120 -1 -2
31 32 165 166 -1 -2
1 2 3 35 76 116 -1 8 10 26 27 28 -1 142 187 191 -1 13 14 132 133 -1 68 69 -1 -2
106 -1 62 95 -1 196 -1 -2
19 154 -1 63 89 -1 19 65 -1 63 208 209 -1 106 154 -1 120 -1 44 45 -1 -2
162 163 220 221 -1 131 203 -1 88 -1 92 93 201 -1 106 199 -1 36 126 -1 106 199 -1 36 125 126 -1 70 71 -1 8 10 27 74 75 -1 70 187 -1 9 10 27 135 155 156 -1 70 71 -1 8 10 26 27 75 -1 70 137 -1 55 119 120 -1 -2
38 39 -1 -2
35 62 79 94 95 109 -1 132 133 134 185 -1 47 48 155 162 163 -1 142 191 -1 5 143 -1 -2
15 20 117 -1 85 152 -1 117 176 -1 99 101 193 -1 117 124 176 -1 101 169 192 193 -1 15 20 124 -1 85 152 169 -1 20 105 117 -1 85 102 141 -1 88 -1 92 93 201 -1 20 117 -1 85 86 99 101 -1 15 20 117 -1 85 86 99 152 153 -1 15 20 124 195 199 -1 85 152 153 169 178 180 208 -1 106 199 -1 181 182 196 -1 126 127 -1 106 154 -1 89 91 125 -1 -2
40 41 42 55 57 -1 169 -1 117 -1 99 101 -1 20 117 124 -1 1 2 35 147 -1 73 75 -1 106 217 -1 126 127 178 -1 19 65 -1 52 159 188 189 -1 137 154 -1 89 172 -1 -2
92 93 201 -1 15 20 -1 85 99 152 -1 117 124 -1 101 169 -1 15 20 124 -1 85 152 169 170 -1 72 124 176 -1 99 169 193 194 211 -1 70 175 -1 41 42 55 -1 27 73 75 -1 19 106 217 -1 63 64 91 126 180 -1 71 106 -1 74 75 125 126 -1 70 71 -1 9 10 73 75 -1 71 106 -1 73 75 126 127 -1 154 -1 44 159 -1 -2
103 104 163 220 221 -1 22 183 -1 128 203 204 -1 98 135 155 156 -1 46 175 183 -1 42 110 128 129 197 203 214 -1 9 10 27 29 73 75 -1 71 106 -1 73 75 126 -1 -2
10 136 155 -1 70 187 191 -1 5 -1 137 154 -1 -2
30 31 32 -1 -2
27 73 75 -1 20 195 199 217 -1 36 37 169 178 180 -1 154 -1 120 -1 44 -1 -2
155 156 172 173 -1 -2
9 10 27 29 135 -1 71 -1 27 73 75 -1 65 195 217 -1 178 208 -1 19 154 -1 63 64 89 -1 106 -1 16 17 -1 142 191 -1 69 143 -1 -2
197 214 -1 36 37 126 127 -1 65 106 195 217 -1 63 125 126 179 180 -1 70 71 -1 10 27 75 -1 71 184 -1 81 84 -1 106 199 217 -1 36 126 180 -1 65 195 199 -1 180 208 209 -1 65 195 199 217 -1 36 125 179 180 208 -1 71 106 -1 75 126 -1 184 -1 36 82 83 -1 70 175 -1 26 27 97 98 -1 142 187 191 -1 23 25 158 -1 69 143 -1 -2
99 100 102 193 194 -1 87 176 -1 115 116 197 214 -1 47 48 83 97 98 -1 70 175 -1 42 55 110 -1 5 -1 -2
36 125 126 -1 71 184 -1 36 74 75 83 97 98 -1 70 71 -1 10 75 -1 71 106 -1 74 75 -1 137 -1 -2
38 39 -1 -2
30 166 -1 -2
93 150 151 192 193 -1 117 176 -1 102 193 -1 88 -1 92 93 201 -1 117 176 -1 150 193 -1 117 176 -1 93 101 193 201 -1 20 88 105 117 -1 85 99 140 141 -1 117 176 -1 99 101 193 -1 117 124 176 -1 101 102 169 193 -1 117 -1 101 193 -1 20 117 -1 85 86 99 101 -1 20 117 -1 85 99 101 169 -1 15 20 -1 85 152 153 169 -1 124 199 -1 36 169 170 -1 124 184 199 -1 95 147 218 -1 9 10 27 29 75 -1 71 106 -1 36 74 75 -1 70 -1 8 10 26 27 136 -1 142 191 -1 69 143 -1 -2
66 67 138 -1 -2
197 214 -1 36 37 126 -1 106 195 199 217 -1 36 126 179 180 -1 72 124 -1 99 169 211 -1 71 175 184 -1 27 75 84 98 -1 72 124 184 -1 81 169 212 -1 15 65 195 -1 36 152 180 208 -1 106 199 217 -1 36 37 126 180 -1 195 199 217 -1 36 179 180 208 209 -1 106 199 217 -1 36 125 126 -1 106 199 -1 36 75 125 126 -1 71 106 -1 74 75 126 -1 142 191 -1 69 143 -1 137 154 -1 119 120 -1 -2
142 187 191 -1 10 155 -1 70 137 191 -1 10 155 172 -1 142 191 -1 155 156 172 -1 70 175 -1 27 29 135 136 -1 71 -1 27 73 75 -1 106 199 217 -1 36 125 126 -1 137 154 -1 119 120 -1 -2
38 39 -1 -2
35 79 80 95 107 -1 43 44 45 -1 -2
99 101 169 171 -1 106 199 217 -1 35 61 94 95 108 109 -1 36 37 169 171 -1 71 106 -1 61 62 113 -1 73 75 -1 -2
10 27 135 155 156 -1 142 187 -1 135 155 156 -1 70 175 187 -1 10 27 29 136 -1 70 71 -1 55 113 -1 8 10 136 -1 142 191 -1 69 143 -1 -2
66 67 139 -1 -2
41 55 57 111 112 -1 99 100 102 193 194 -1 46 87 176 -1 47 149 150 193 194 -1 22 183 -1 47 162 163 220 221 -1 70 142 187 -1 10 155 -1 142 191 -1 69 143 -1 -2
135 155 156 -1 70 175 187 -1 27 135 136 156 -1 22 183 -1 47 156 162 221 -1 46 87 -1 47 49 150 151 -1 117 176 -1 100 102 193 194 -1 87 183 -1 47 150 220 221 -1 46 175 -1 47 49 -1 20 117 124 -1 85 86 99 101 169 -1 71 106 -1 74 75 125 -1 70 71 -1 9 10 73 75 172 -1 137 154 -1 120 -1 -2
31 32 165 -1 -2
61 62 113 114 -1 150 193 -1 88 -1 92 93 201 -1 106 199 -1 95 -1 75 125 126 -1 71 -1 75 -1 71 -1 27 74 75 -1 70 71 -1 10 27 -1 70 175 -1 27 29 98 136 -1 70 71 -1 10 27 75 -1 70 175 -1 26 27 97 98 -1 70 175 -1 10 27 29 135 -1 70 71 175 -1 10 27 29 73 -1 70 71 -1 10 27 73 75 -1 70 71 137 154 -1 10 75 89 -1 -2
95 147 -1 27 73 75 -1 106 -1 16 -1 -2
71 106 -1 75 126 -1 184 199 -1 36 82 83 125 -1 70 175 -1 27 28 97 98 -1 70 142 175 187 -1 135 155 156 -1 21 70 175 187 -1 27 135 136 155 -1 70 71 -1 10 27 75 -1 21 70 175 187 -1 27 98 135 136 -1 184 199 -1 37 81 83 -1 106 -1 73 75 126 127 -1 106 -1 125 126 -1 71 106 -1 73 89 126 127 -1 19 154 -1 51 160 161 -1 -2
154 -1 196 -1 -2
98 135 155 156 162 -1 46 87 183 -1 47 150 221 -1 175 184 -1 82 83 84 97 98 -1 46 175 -1 47 49 98 -1 15 20 195 199 -1 152 153 169 178 180 208 -1 71 106 -1 62 113 -1 63 126 180 -1 106 154 -1 89 91 -1 -2
31 38 39 -1 -2
30 31 32 -1 -2
9 10 27 29 -1 71 106 -1 -2
66 138 -1 -2
5 -1 -2
93 149 201 202 -1 87 -1 150 221 -1 87 176 -1 47 150 193 -1 88 148 183 -1 103 104 201 220 221 -1 70 175 -1 9 10 27 29 -1 71 -1 55 113 -1 8 10 74 75 -1 70 71 -1 9 10 173 -1 70 71 137 -1 9 10 73 75 -1 71 106 -1 73 75 126 127 -1 19 154 -1 12 120 -1 51 52 159 -1 -2
70 142 187 -1 9 10 27 29 135 -1 70 71 -1 -2
10 75 -1 70 71 -1 10 27 73 75 -1 70 71 -1 8 10 74 75 -1 -2
164 166 -1 -2
93 150 192 193 201 -1 117 176 -1 1 2 3 76 116 -1 115 116 197 -1 36 37 169 -1 20 124 195 199 -1 1 33 35 147 -1 63 126 180 -1 65 195 217 -1 126 180 207 209 -1 20 195 199 217 -1 36 178 180 -1 106 199 -1 36 37 126 -1 106 195 199 217 -1 36 125 179 180 -1 175 184 -1 47 83 97 98 -1 142 191 -1 23 119 157 158 -1 68 69 143 -1 -2
47 48 97 -1 70 142 187 -1 10 135 155 156 -1 21 142 175 187 -1 98 135 136 155 -1 70 71 -1 8 10 74 75 -1 70 137 -1 58 60 69 -1 -2
47 49 150 -1 72 184 -1 47 81 212 -1 71 106 199 -1 73 75 126 127 -1 19 65 217 -1 63 208 209 -1 71 106 154 -1 75 89 126 -1 106 217 -1 125 126 180 -1 71 106 -1 74 75 126 -1 137 191 -1 68 69 -1 -2
15 65 195 199 -1 121 122 181 -1 179 180 208 209 -1 106 199 -1 75 125 126 -1 184 -1 82 83 -1 70 187 -1 5 143 -1 137 154 -1 -2
30 31 32 39 67 139 -1 -2
44 -1 -2
129 130 203 205 214 -1 36 125 126 -1 71 106 154 -1 62 113 120 -1 -2
32 66 -1 -2
66 -1 -2
84 210 212 -1 117 -1 99 100 101 102 193 -1 117 176 -1 101 192 193 -1 117 124 -1 101 102 169 -1 117 -1 99 101 -1 15 20 -1 85 86 152 153 -1 106 199 217 -1 36 125 126 180 -1 106 199 -1 62 95 -1 73 75 126 127 -1 19 154 -1 11 12 120 -1 43 45 160 161 -1 -2
154 -1 89 -1 -2
70 175 -1 10 26 27 136 -1 70 -1 55 -1 8 10 27 28 74 -1 142 191 -1 69 143 -1 -2
126 180 208 -1 106 217 -1 126 180 -1 65 195 217 -1 179 180 207 208 209 -1 46 175 184 -1 47 48 97 98 -1 70 175 -1 10 27 29 73 -1 71 106 -1 -2
68 69 143 -1 -2
93 201 -1 22 87 183 -1 128 203 204 214 -1 5 143 -1 137 154 -1 89 172 -1 137 -1 -2
66 138 -1 -2
19 65 217 -1 79 -1 125 126 -1 70 71 175 -1 10 27 75 -1 70 71 175 -1 26 27 75 98 -1 70 71 -1 10 73 75 -1 71 106 -1 74 75 125 126 -1 137 -1 119 120 -1 58 -1 137 154 -1 119 120 -1 181 182 196 206 -1 -2
20 117 -1 99 100 101 102 169 -1 117 176 -1 101 193 -1 117 124 -1 102 169 -1 87 176 -1 100 193 194 -1 46 87 183 -1 47 49 150 221 -1 87 176 -1 149 150 193 194 -1 46 87 183 -1 47 48 149 150 -1 70 175 -1 27 98 -1 22 46 183 -1 47 135 156 162 -1 46 87 -1 150 151 221 -1 117 -1 1 2 4 77 115 -1 36 37 126 -1 19 154 -1 11 12 120 -1 -2
14 196 -1 -2
9 10 27 29 -1 106 184 199 -1 196 215 216 -1 16 -1 137 -1 172 -1 -2
137 154 -1 -2
137 191 -1 10 155 172 -1 142 191 -1 155 172 -1 137 191 -1 69 -1 -2
70 71 -1 55 113 -1 9 10 73 75 -1 71 106 -1 74 75 126 -1 -2
46 87 183 -1 47 48 149 150 -1 142 191 -1 137 154 -1 -2
31 32 -1 -2
103 104 201 -1 154 -1 88 105 -1 93 141 -1 88 -1 93 201 -1 -2
93 150 201 -1 87 176 -1 149 150 193 194 -1 87 176 -1 150 151 193 -1 117 176 -1 115 116 197 -1 47 48 211 212 -1 70 175 -1 8 10 26 27 136 -1 137 142 191 -1 69 143 -1 -2
31 32 165 166 -1 -2
117 124 -1 99 101 169 193 -1 72 117 124 176 -1 99 169 170 193 194 -1 70 175 -1 26 27 97 98 -1 142 191 -1 155 -1 142 191 -1 155 172 -1 137 142 191 -1 -2
124 199 -1 36 169 170 -1 184 199 -1 95 218 219 -1 26 27 74 75 97 98 -1 70 71 175 -1 10 27 75 -1 70 71 175 -1 27 29 73 75 -1 70 71 -1 10 27 29 73 75 -1 106 199 -1 62 95 -1 73 75 126 -1 106 199 -1 126 -1 106 199 217 -1 36 125 126 -1 70 175 -1 27 98 -1 46 87 -1 47 50 150 -1 117 176 -1 93 101 193 201 -1 20 117 -1 85 99 100 102 169 -1 87 176 -1 150 193 -1 117 176 -1 101 193 -1 117 124 -1 101 169 171 -1 65 195 199 217 -1 36 178 180 208 -1 106 199 217 -1 126 177 180 207 -1 106 195 199 217 -1 36 125 179 180 -1 71 106 199 -1 62 95 113 -1 172 -1 137 191 -1 119 157 158 -1 68 69 -1 -2
137 191 -1 155 172 -1 137 142 191 -1 155 156 172 173 -1 137 191 -1 155 156 172 -1 142 191 -1 155 172 -1 137 191 -1 119 157 158 -1 68 69 143 -1 -2
137 191 -1 155 172 -1 137 191 -1 119 157 -1 9 10 172 173 -1 71 106 -1 62 113 -1 51 52 159 -1 -2
65 195 -1 178 208 -1 65 195 217 -1 126 180 207 -1 15 65 195 -1 36 180 207 -1 15 20 124 -1 152 153 180 208 -1 71 106 -1 61 62 113 114 -1 74 75 -1 70 71 -1 5 -1 137 154 -1 -2
197 214 -1 36 125 126 -1 71 106 199 -1 36 74 75 126 -1 137 191 -1 119 157 158 -1 -2
47 150 -1 71 106 -1 62 113 -1 74 75 125 126 -1 71 106 -1 75 89 126 127 -1 -2
181 196 -1 11 12 80 120 -1 52 159 -1 -2
137 142 191 -1 155 156 172 -1 137 142 191 -1 157 -1 69 143 -1 -2
46 87 -1 47 50 150 -1 87 176 -1 47 150 192 193 -1 20 117 124 -1 85 101 169 171 -1 15 65 195 199 -1 36 179 180 208 209 -1 106 199 -1 36 37 126 -1 65 106 195 217 -1 62 79 95 109 -1 36 125 126 -1 106 199 -1 75 126 -1 106 199 217 -1 36 125 126 -1 70 71 175 -1 26 27 74 75 -1 137 191 -1 5 58 69 -1 -2
44 52 159 -1 137 154 -1 -2
30 31 32 -1 -2
47 49 50 221 -1 117 176 -1 101 192 193 -1 20 124 -1 85 169 -1 15 20 124 195 -1 85 152 169 170 180 -1 117 124 -1 169 170 211 -1 46 72 184 -1 47 212 -1 19 154 -1 63 64 89 -1 19 65 154 -1 52 159 188 -1 -2
66 67 139 -1 -2
115 116 197 214 -1 36 37 126 -1 106 199 217 -1 36 125 126 -1 106 199 -1 36 75 126 -1 71 106 -1 73 75 126 127 -1 106 -1 75 89 91 125 126 -1 71 106 -1 -2
196 -1 196 -1 -2
1 2 115 116 -1 8 10 26 27 74 75 -1 70 187 -1 9 10 27 135 -1 70 71 -1 55 113 -1 9 10 27 -1 70 137 154 -1 119 120 -1 -2
71 106 199 -1 62 95 113 -1 74 75 -1 70 71 -1 8 10 26 27 75 -1 70 137 -1 172 -1 142 191 -1 69 143 -1 137 154 -1 119 120 -1 9 10 73 75 89 -1 -2
218 219 -1 47 83 211 213 -1 22 183 -1 47 155 162 163 -1 21 70 142 175 187 -1 25 111 112 -1 27 47 98 -1 106 199 -1 36 169 -1 106 199 -1 36 75 125 126 -1 71 106 199 -1 36 74 75 126 -1 71 -1 74 75 -1 70 71 -1 9 10 73 75 -1 71 106 -1 75 126 -1 71 106 -1 196 -1 74 75 125 126 -1 70 71 -1 55 110 -1 8 10 27 136 -1 142 191 -1 155 172 -1 142 191 -1 68 69 144 -1 -2
46 72 175 -1 197 200 214 -1 37 73 75 126 127 -1 71 106 -1 75 126 -1 71 106 199 -1 36 73 75 126 -1 106 199 -1 36 37 126 127 -1 19 154 -1 51 160 -1 -2
38 39 139 -1 -2
137 154 -1 -2
31 32 38 -1 -2
169 211 212 -1 175 184 -1 47 83 97 98 211 -1 142 191 -1 23 25 158 -1 69 143 -1 -2
44 159 -1 -2
66 138 -1 -2
137 154 -1 119 120 -1 -2
30 32 166 -1 -2
85 86 152 153 -1 20 117 124 -1 85 86 99 169 -1 124 199 -1 4 35 95 147 -1 1 33 35 147 -1 181 182 196 -1 -2
30 31 32 -1 -2
187 191 -1 119 157 -1 -2
39 138 -1 -2
67 138 139 -1 -2
65 217 -1 63 208 -1 154 -1 120 -1 43 44 45 -1 -2
55 57 113 114 -1 99 101 -1 117 124 -1 2 4 116 -1 2 4 116 -1 99 193 194 -1 21 22 142 183 187 -1 23 25 110 112 128 203 -1 55 113 -1 -2
31 66 67 139 -1 -2
94 95 -1 42 55 -1 8 10 26 27 75 -1 137 191 -1 119 157 -1 68 144 -1 -2
71 137 154 -1 55 113 119 120 -1 -2
32 39 66 138 -1 -2
93 201 202 -1 22 183 -1 128 203 204 -1 98 136 155 -1 137 -1 58 69 -1 -2
142 191 -1 155 172 -1 142 191 -1 155 156 172 173 -1 137 142 191 -1 25 157 -1 69 143 -1 -2
36 126 -1 71 106 -1 62 95 113 -1 126 127 -1 65 217 -1 63 64 126 180 207 209 -1 19 217 -1 11 12 79 80 -1 52 159 188 -1 -2
20 195 199 217 -1 36 179 180 -1 46 72 -1 47 82 83 211 -1 21 142 187 -1 98 135 155 156 -1 46 87 183 -1 47 49 150 -1 106 217 -1 62 79 95 -1 120 -1 89 91 -1 137 154 -1 -2
32 -1 -2
10 75 89 91 172 -1 70 187 191 -1 23 55 119 158 -1 69 143 -1 154 -1 89 -1 -2
85 86 99 101 -1 72 124 199 -1 36 169 -1 117 124 -1 86 99 101 169 -1 106 154 -1 89 90 -1 -2
164 166 -1 -2
93 103 104 201 -1 154 -1 88 -1 93 201 -1 15 20 117 -1 85 86 99 101 153 -1 -2
142 191 -1 155 -1 137 142 191 -1 69 143 -1 -2
67 166 -1 -2
137 154 -1 118 119 120 -1 -2
31 32 38 -1 -2
129 197 214 -1 36 37 81 83 169 212 -1 106 -1 75 125 126 -1 19 65 -1 63 64 207 209 -1 19 65 217 -1 121 123 182 206 -1 36 125 126 180 -1 71 106 -1 75 126 -1 71 184 -1 36 83 -1 70 71 -1 -2
9 10 135 173 -1 137 191 -1 155 156 172 -1 142 187 191 -1 10 136 155 -1 70 187 191 -1 23 55 119 157 158 -1 5 68 69 143 -1 -2
85 100 102 152 -1 117 -1 99 101 -1 72 117 124 -1 100 169 170 -1 22 183 -1 162 221 -1 87 -1 115 116 197 214 -1 26 27 97 98 -1 70 175 -1 8 10 26 27 -1 137 191 -1 60 68 -1 -2
36 37 126 127 178 -1 65 217 -1 78 79 -1 126 207 208 209 -1 195 199 217 -1 36 126 178 180 -1 137 154 -1 120 -1 44 -1 -2
135 136 155 156 -1 70 71 -1 10 27 29 73 75 -1 71 106 -1 73 75 126 127 -1 71 106 -1 62 95 113 -1 36 37 153 178 180 -1 65 217 -1 64 126 207 208 209 -1 106 217 -1 63 126 180 -1 106 195 199 217 -1 125 126 179 180 209 -1 106 199 -1 36 125 126 -1 70 71 -1 8 27 28 74 75 -1 142 191 -1 69 143 -1 -2
137 154 -1 119 120 -1 89 91 -1 137 154 -1 89 172 173 -1 -2
40 41 55 57 112 -1 85 101 169 171 -1 15 20 -1 85 152 169 207 -1 15 20 -1 85 86 152 153 -1 15 65 124 195 -1 152 169 180 208 209 -1 15 20 124 195 199 -1 85 152 169 180 -1 15 20 -1 152 153 169 208 -1 65 195 217 -1 126 180 208 -1 65 106 217 -1 62 79 95 -1 121 181 196 206 -1 44 52 159 -1 -2
147 200 -1 83 -1 137 191 -1 68 69 -1 -2
92 93 150 193 201 -1 117 176 -1 100 193 194 -1 22 183 -1 128 203 204 -1 8 10 136 155 172 -1 142 191 -1 155 156 -1 70 187 -1 10 27 135 -1 70 71 175 -1 26 27 28 74 75 -1 70 187 -1 25 55 57 157 -1 10 26 27 75 -1 70 71 -1 8 10 172 -1 137 191 -1 69 143 -1 -2
147 200 -1 82 83 97 -1 21 70 175 187 -1 10 26 27 136 -1 70 -1 8 10 26 27 -1 137 191 -1 119 157 158 -1 69 -1 -2
126 178 208 -1 65 217 -1 63 207 208 209 -1 106 217 -1 63 64 125 126 179 180 209 -1 71 106 -1 74 75 125 126 -1 70 175 -1 55 110 -1 155 172 -1 137 191 -1 69 143 -1 -2
9 10 27 135 155 156 -1 70 71 -1 13 14 196 -1 55 113 -1 73 75 126 127 -1 19 106 154 -1 16 51 52 -1 154 -1 119 120 -1 73 75 126 -1 106 199 217 -1 36 37 126 127 178 180 -1 65 106 217 -1 63 125 126 180 208 -1 19 106 217 -1 89 126 127 -1 -2
218 219 -1 211 212 -1 46 175 184 -1 27 47 98 -1 106 154 -1 120 -1 -2
27 28 97 98 -1 21 70 175 -1 42 55 110 -1 10 155 156 -1 70 175 -1 26 27 97 98 -1 70 71 175 -1 8 26 27 28 74 75 -1 70 142 187 191 -1 10 135 155 156 -1 21 22 175 187 -1 98 135 155 156 -1 46 87 176 -1 47 150 193 -1 72 124 -1 212 -1 117 124 -1 1 33 147 -1 36 37 127 178 180 -1 65 195 217 -1 126 180 207 209 -1 65 195 217 -1 126 179 180 207 208 209 -1 106 199 217 -1 36 125 126 -1 142 187 -1 23 25 158 -1 5 58 69 -1 -2
1 2 115 116 -1 10 27 73 75 -1 70 71 -1 8 10 27 74 75 -1 142 187 -1 135 155 156 -1 70 175 184 -1 27 75 98 -1 70 71 175 -1 27 29 98 -1 106 199 -1 36 37 126 127 -1 106 217 -1 126 180 -1 106 199 217 -1 37 126 127 178 180 -1 65 217 -1 79 -1 125 126 180 -1 137 -1 60 -1 -2
19 65 154 -1 52 159 188 -1 -2
47 48 149 150 220 221 -1 21 22 142 -1 135 136 155 156 162 -1 46 87 -1 47 49 150 151 -1 117 176 -1 99 101 193 -1 117 124 -1 100 102 169 170 -1 46 87 -1 47 149 150 -1 22 46 183 -1 47 48 163 220 221 -1 70 142 187 -1 135 155 156 -1 46 87 183 -1 47 49 162 221 -1 46 87 -1 47 49 150 151 193 -1 117 124 -1 101 169 -1 15 20 -1 86 152 153 169 171 -1 65 195 199 -1 79 80 95 107 -1 63 208 -1 19 65 154 -1 11 12 120 -1 63 64 89 -1 -2
8 10 26 27 28 75 -1 142 191 -1 155 156 173 -1 137 191 -1 155 172 -1 142 191 -1 155 156 172 -1 -2
135 155 156 -1 22 183 -1 162 221 -1 87 176 -1 115 116 197 -1 169 171 -1 65 195 217 -1 180 208 209 -1 71 106 -1 61 62 113 114 -1 74 75 126 -1 -2
92 93 201 -1 19 154 -1 11 12 120 -1 63 89 91 -1 -2
20 117 -1 86 99 101 169 -1 106 195 199 217 -1 36 126 179 180 -1 124 184 199 -1 36 169 170 -1 70 142 187 -1 136 155 -1 142 191 -1 69 143 -1 -2
30 166 -1 -2
98 135 136 155 156 -1 184 -1 81 84 98 -1 106 199 -1 36 125 126 -1 70 175 -1 27 28 97 98 -1 142 187 -1 136 155 -1 142 187 -1 135 155 156 -1 21 142 175 187 -1 135 155 156 -1 21 22 142 187 -1 98 136 155 163 -1 70 175 187 -1 27 136 155 -1 137 191 -1 68 69 143 -1 -2
36 126 180 -1 117 124 -1 100 169 170 -1 72 -1 211 212 -1 70 142 175 187 -1 27 135 136 155 -1 142 187 -1 135 155 156 -1 46 87 -1 197 214 -1 26 27 97 98 136 -1 70 175 187 -1 27 135 136 -1 21 22 142 187 -1 98 135 155 156 -1 175 184 -1 27 81 84 98 -1 124 199 -1 169 171 -1 65 217 -1 79 80 -1 63 89 91 -1 137 154 -1 -2
30 32 166 -1 -2
85 102 152 -1 117 -1 102 -1 88 -1 93 201 -1 22 87 183 -1 128 203 204 214 -1 27 28 135 136 155 -1 70 142 187 -1 135 155 156 -1 46 87 176 -1 47 150 193 -1 106 199 -1 36 37 126 127 -1 65 195 217 -1 79 80 95 107 -1 63 64 126 180 -1 65 106 195 217 -1 62 79 95 107 109 -1 74 75 125 126 -1 70 71 -1 8 10 26 27 74 75 -1 142 191 -1 69 143 -1 154 -1 120 -1 -2
125 126 -1 106 154 -1 75 89 126 127 -1 154 -1 45 -1 -2
2 34 35 -1 27 47 98 -1 72 -1 47 211 212 -1 71 175 184 -1 27 75 81 83 98 -1 71 106 -1 73 75 -1 19 154 -1 44 52 159 -1 -2
25 111 112 129 203 -1 85 86 99 101 169 -1 124 199 -1 2 95 146 147 -1 82 83 84 -1 21 142 175 187 -1 97 136 155 -1 142 187 -1 10 155 156 -1 21 142 175 187 -1 27 136 155 -1 142 187 -1 135 155 156 -1 70 175 -1 10 27 -1 70 71 175 -1 10 27 28 74 75 -1 70 187 -1 10 27 29 136 -1 70 -1 10 27 -1 70 -1 9 10 27 29 -1 71 -1 196 -1 -2
30 66 67 -1 -2
150 221 -1 88 -1 92 93 201 -1 117 -1 99 100 102 -1 117 176 -1 101 193 -1 117 -1 101 -1 15 20 117 -1 33 35 -1 181 196 -1 63 125 126 180 -1 19 106 217 -1 11 12 62 120 -1 63 64 89 -1 71 106 154 -1 75 89 91 125 126 -1 70 71 -1 6 -1 -2
19 65 217 -1 63 178 208 -1 19 65 -1 63 64 89 207 -1 19 106 217 -1 63 89 126 -1 19 65 -1 11 12 79 80 -1 52 159 188 -1 -2
200 -1 42 55 110 -1 23 25 -1 68 145 -1 -2
137 154 -1 -2
61 62 113 114 -1 47 149 150 193 -1 46 183 -1 128 204 214 -1 27 97 98 136 -1 142 191 -1 155 -1 137 191 -1 68 69 143 -1 -2
162 221 -1 87 88 -1 93 150 201 -1 117 -1 99 101 193 -1 15 65 195 199 -1 36 153 178 180 208 -1 19 106 217 -1 63 89 126 127 -1 19 65 154 -1 52 159 188 -1 137 154 -1 -2
31 38 39 -1 -2
129 197 203 205 214 -1 36 169 -1 117 124 176 -1 101 169 193 -1 117 124 -1 101 169 171 -1 15 65 195 -1 36 152 180 207 -1 15 20 -1 85 86 152 153 -1 154 -1 -2
164 165 166 -1 -2
61 94 95 113 114 -1 47 49 150 151 -1 117 176 -1 101 192 193 -1 117 124 -1 86 99 101 169 171 -1 106 195 199 217 -1 36 37 178 180 -1 65 195 217 -1 121 123 182 -1 33 35 80 107 -1 52 159 188 -1 -2
135 136 155 -1 70 175 -1 10 27 29 135 -1 70 71 175 -1 26 27 97 98 -1 70 137 -1 14 190 -1 -2
39 -1 -2
69 -1 137 154 -1 119 120 -1 89 91 172 -1 137 154 -1 119 120 -1 89 90 -1 -2
46 87 -1 47 49 150 193 -1 117 -1 1 2 4 76 77 -1 85 99 169 -1 124 199 -1 36 169 -1 15 20 124 -1 85 152 169 -1 15 124 -1 152 169 207 -1 20 117 -1 85 102 -1 88 -1 93 201 -1 88 -1 93 201 -1 88 105 117 -1 76 77 -1 85 86 152 153 -1 106 195 199 217 -1 36 126 178 180 -1 106 199 -1 62 95 -1 126 127 -1 106 154 -1 89 126 127 -1 19 106 154 -1 16 44 45 52 -1 -2
89 172 173 174 -1 70 175 -1 27 98 135 -1 46 183 -1 47 49 221 -1 72 124 -1 36 169 211 -1 184 -1 36 82 83 -1 184 -1 82 83 84 -1 21 22 142 187 -1 98 135 155 156 -1 21 70 175 187 -1 27 98 135 156 -1 46 175 -1 47 49 -1 65 217 -1 63 126 208 -1 19 65 -1 63 208 -1 -2
93 102 141 201 -1 88 -1 93 201 -1 88 105 -1 93 140 141 -1 15 20 105 -1 85 141 152 -1 88 105 -1 93 140 141 -1 117 -1 1 2 76 77 -1 100 169 170 -1 21 22 175 183 187 -1 98 135 136 155 162 -1 21 70 175 183 -1 13 14 133 134 -1 27 29 73 75 98 -1 19 65 -1 52 159 188 189 -1 137 154 -1 -2
30 31 32 166 -1 -2
13 190 -1 137 154 -1 89 90 172 -1 -2
47 83 211 212 -1 71 -1 74 75 -1 70 71 -1 8 10 27 75 -1 70 71 -1 9 10 73 75 -1 70 71 -1 10 75 -1 70 71 -1 9 10 73 75 -1 71 106 -1 73 75 -1 106 -1 16 -1 137 154 -1 -2
30 32 166 -1 -2
137 142 191 -1 69 143 -1 137 154 -1 119 120 -1 -2
137 -1 119 120 -1 172 173 -1 142 187 191 -1 5 143 -1 -2
137 154 -1 -2
30 31 32 166 -1 -2
27 135 136 155 -1 142 187 -1 135 155 156 -1 21 70 175 187 -1 26 27 97 98 136 -1 70 142 187 -1 10 27 29 135 136 155 -1 70 71 -1 55 113 -1 10 89 172 173 -1 137 154 -1 -2
30 32 166 -1 -2
116 197 214 -1 36 169 -1 46 72 176 -1 47 48 193 211 212 -1 46 175 184 -1 27 97 98 -1 71 -1 10 75 -1 70 71 -1 27 73 75 -1 71 106 -1 -2
178 180 208 -1 19 217 -1 12 79 -1 181 196 -1 -2
117 124 -1 2 116 146 147 -1 100 102 169 193 194 -1 46 87 -1 47 48 150 -1 70 71 175 -1 10 27 29 75 -1 124 199 -1 95 -1 126 127 -1 19 154 -1 52 159 188 -1 137 154 -1 89 172 173 -1 137 154 -1 -2
30 31 32 -1 -2
66 67 139 -1 -2
30 31 32 -1 -2
121 181 182 -1 62 79 80 -1 63 89 91 -1 19 65 154 -1 -2
85 99 152 169 -1 72 184 199 -1 36 83 84 -1 46 87 -1 47 150 193 -1 46 87 176 -1 47 49 150 193 -1 117 -1 99 101 -1 20 124 -1 101 169 171 -1 15 20 124 195 199 -1 36 37 86 153 169 178 180 208 -1 19 154 -1 51 159 160 161 -1 -2
99 101 -1 117 124 -1 101 169 171 -1 65 195 199 -1 79 80 95 107 -1 63 64 126 180 207 -1 106 195 199 217 -1 62 80 95 107 -1 126 178 180 208 -1 19 217 -1 51 52 159 -1 70 137 -1 -2
38 39 -1 -2
137 -1 119 120 -1 17 51 -1 8 10 -1 137 191 -1 69 143 -1 -2
38 138 139 -1 -2
164 166 -1 -2
137 154 -1 -2
30 32 166 -1 -2
32 165 166 -1 -2
66 165 166 -1 -2
137 154 -1 119 120 -1 -2
63 126 180 -1 106 217 -1 62 79 95 -1 125 126 -1 70 71 175 -1 26 27 28 74 75 -1 142 191 -1 69 143 -1 -2
87 -1 150 151 -1 15 20 117 -1 85 152 153 -1 20 124 -1 4 35 147 -1 85 152 169 -1 117 124 -1 99 169 211 -1 142 191 -1 23 119 157 158 -1 69 143 -1 137 154 -1 -2
30 31 32 38 -1 -2
149 150 220 221 -1 46 87 183 -1 47 221 -1 22 183 -1 162 221 -1 87 183 -1 104 150 221 -1 88 -1 93 201 -1 15 20 105 -1 85 86 140 141 153 -1 15 20 117 -1 121 122 215 -1 1 33 35 147 -1 36 37 126 127 178 -1 19 65 154 -1 52 159 188 189 -1 -2
85 86 152 153 169 171 178 -1 15 65 195 199 -1 36 179 180 208 209 -1 106 199 217 -1 36 126 -1 117 -1 99 100 102 169 170 -1 46 87 176 -1 115 116 197 -1 47 48 211 -1 21 46 175 183 -1 98 135 136 155 156 -1 72 124 -1 169 211 212 -1 21 142 175 187 -1 98 135 136 155 -1 70 175 -1 8 10 26 27 -1 70 71 -1 8 10 27 28 74 -1 70 187 -1 8 10 26 136 -1 137 191 -1 69 143 -1 137 154 -1 89 173 -1 71 106 154 -1 -2
73 75 126 127 -1 154 -1 44 45 160 -1 -2
137 154 -1 119 120 -1 172 173 -1 137 154 -1 -2
30 31 32 -1 -2
41 55 56 57 113 -1 102 169 193 -1 88 -1 93 201 202 -1 70 175 -1 42 55 -1 23 42 110 112 -1 23 25 55 110 -1 155 156 -1 142 187 -1 135 155 156 -1 21 70 175 187 -1 27 98 135 156 -1 46 175 -1 47 48 97 98 -1 70 71 -1 8 10 26 27 74 75 -1 142 191 -1 68 144 -1 -2
137 154 -1 -2
30 31 32 -1 -2
15 20 124 -1 85 152 169 170 -1 117 124 176 -1 99 169 193 194 -1 21 70 175 -1 47 97 98 136 -1 142 191 -1 23 157 158 -1 69 143 -1 -2
85 152 169 -1 117 -1 99 100 101 102 -1 87 -1 149 150 -1 46 87 176 -1 47 149 150 193 194 -1 46 87 -1 47 49 150 -1 72 124 -1 169 170 211 -1 70 175 -1 27 29 98 135 136 -1 71 -1 73 75 -1 -2
93 99 100 201 -1 88 117 176 -1 93 99 193 194 201 -1 87 183 -1 128 203 204 214 -1 26 97 98 136 -1 142 187 -1 27 136 155 -1 142 191 -1 69 143 -1 -2
88 -1 93 201 202 -1 21 70 175 187 -1 23 42 110 112 -1 8 10 27 28 136 -1 70 187 -1 9 10 27 29 135 -1 71 106 -1 75 126 127 -1 19 65 -1 52 159 188 -1 137 154 -1 -2
30 31 32 -1 -2
31 32 -1 -2
52 159 188 -1 -2
10 136 155 -1 23 25 -1 70 187 -1 8 10 136 155 -1 142 191 -1 155 172 -1 137 191 -1 68 69 -1 65 217 -1 126 180 207 208 209 -1 106 195 217 -1 126 127 178 180 -1 19 65 -1 52 188 189 -1 -2
89 91 -1 -2
36 37 169 171 -1 65 195 217 -1 126 178 180 208 -1 154 -1 89 91 -1 -2
137 154 -1 -2
66 67 139 -1 -2
13 14 134 186 196 -1 42 55 110 214 -1 10 27 135 156 -1 70 71 175 -1 10 27 75 -1 72 -1 212 -1 106 195 217 -1 125 126 179 180 -1 71 106 -1 62 113 -1 126 -1 106 217 -1 63 126 127 178 -1 19 154 -1 51 159 160 161 -1 -2
20 117 -1 85 102 169 -1 88 117 -1 101 -1 20 117 -1 85 86 99 101 -1 117 124 -1 1 4 147 -1 36 85 169 180 -1 15 20 -1 85 100 152 -1 117 124 -1 85 102 169 -1 117 -1 99 100 102 193 -1 87 176 -1 150 193 -1 88 -1 93 201 -1 87 176 -1 149 150 193 194 -1 46 87 -1 47 49 150 151 -1 117 124 -1 99 101 169 171 -1 65 195 199 217 -1 36 126 179 180 208 -1 106 199 217 -1 125 126 179 180 -1 106 184 199 -1 36 126 -1 142 191 -1 5 143 -1 -2
89 91 172 -1 137 154 -1 -2
30 31 32 -1 -2
106 -1 12 62 120 -1 63 126 180 -1 65 195 217 -1 180 208 209 -1 -2
41 42 111 112 129 197 214 -1 36 85 169 -1 70 71 -1 196 -1 -2
46 87 176 -1 47 150 -1 87 183 -1 115 197 214 -1 13 14 -1 14 190 -1 -2
46 87 -1 47 150 193 -1 106 217 -1 125 126 179 180 208 -1 71 106 -1 75 89 126 -1 71 106 -1 74 75 -1 137 142 191 -1 68 145 -1 -2
15 20 124 -1 85 152 153 169 208 -1 106 199 217 -1 62 95 -1 126 180 -1 65 106 217 -1 62 79 80 95 -1 63 126 127 178 -1 19 154 -1 12 79 -1 -2
30 67 166 -1 -2
147 200 -1 81 83 84 98 -1 71 106 -1 62 113 -1 125 126 -1 71 106 -1 61 62 113 -1 74 75 89 126 -1 137 -1 58 60 69 -1 -2
32 66 165 -1 -2
1 2 34 35 146 147 -1 27 29 98 -1 72 184 -1 81 84 212 -1 65 195 199 -1 180 208 209 -1 106 195 199 217 -1 36 126 127 178 180 -1 19 106 217 -1 63 89 125 126 180 -1 106 154 -1 89 127 -1 154 -1 44 159 -1 -2
55 56 57 112 -1 99 101 169 171 -1 65 217 -1 63 126 208 -1 154 -1 44 159 -1 -2
65 195 199 -1 36 152 180 207 -1 15 20 124 195 -1 152 169 180 207 -1 15 20 105 -1 85 100 152 -1 88 117 176 -1 93 150 192 193 201 -1 20 117 -1 85 86 99 101 -1 117 124 -1 2 4 116 147 -1 99 100 102 169 193 194 -1 46 87 176 -1 115 116 197 214 -1 26 27 136 155 -1 142 191 -1 23 119 157 158 -1 69 143 -1 -2
10 26 27 75 -1 137 -1 -2
31 38 39 -1 -2
40 41 42 55 57 -1 2 146 147 -1 185 196 215 -1 62 95 113 -1 -2
30 31 32 67 -1 -2
34 35 109 147 -1 47 49 -1 106 217 -1 16 -1 137 154 -1 -2
31 38 39 139 -1 -2
73 75 126 -1 71 106 199 -1 36 37 73 126 127 -1 106 217 -1 63 126 180 -1 65 195 217 -1 125 180 208 209 -1 106 -1 75 125 126 -1 71 106 -1 73 75 126 127 -1 71 106 -1 62 113 -1 75 126 127 -1 19 65 -1 11 12 79 120 -1 44 -1 -2
93 201 -1 137 -1 106 199 -1 36 125 126 -1 -2
30 32 166 -1 -2
19 217 -1 12 79 120 -1 -2
165 166 -1 -2
30 31 32 166 -1 -2
99 100 101 102 193 -1 46 87 -1 197 214 -1 13 14 132 133 -1 -2
93 201 202 -1 137 -1 106 195 199 217 -1 36 37 153 178 180 -1 106 195 199 217 -1 36 126 177 180 -1 106 199 -1 36 169 -1 87 176 -1 150 193 -1 88 -1 92 93 201 -1 106 199 217 -1 36 125 126 180 -1 -2
104 150 162 221 -1 87 176 -1 47 150 193 -1 46 87 176 -1 102 169 193 -1 117 176 -1 100 193 194 -1 46 87 -1 47 50 150 -1 88 176 -1 93 101 193 201 -1 20 117 -1 85 102 141 152 -1 88 -1 93 193 201 202 -1 87 183 -1 115 197 198 214 -1 47 150 -1 46 72 -1 47 210 213 -1 46 87 176 -1 47 49 150 -1 20 124 199 -1 36 169 170 180 -1 70 175 -1 42 55 -1 8 10 26 27 75 -1 137 -1 172 173 174 -1 70 71 -1 8 10 75 -1 -2
197 203 205 214 -1 126 127 178 180 -1 19 65 -1 63 64 207 209 -1 19 106 217 -1 63 126 127 178 -1 19 154 -1 206 -1 -2
35 79 95 108 -1 85 152 169 -1 15 20 124 -1 85 86 152 153 169 -1 19 106 217 -1 11 62 80 95 -1 63 64 89 -1 19 154 -1 121 206 -1 -2
137 -1 5 58 69 -1 -2
137 154 -1 -2
31 32 -1 -2
117 176 -1 100 193 194 -1 87 183 -1 149 150 220 221 -1 46 87 -1 197 214 -1 135 136 155 156 -1 142 187 -1 135 155 156 -1 21 142 175 187 -1 97 136 155 -1 70 142 187 -1 23 25 -1 69 143 -1 71 137 154 -1 75 89 91 172 -1 -2
2 146 147 -1 27 97 98 -1 21 22 142 187 -1 135 155 156 162 -1 46 87 183 -1 128 197 204 214 -1 27 29 98 135 -1 106 199 -1 36 37 126 -1 106 217 -1 126 180 -1 106 195 199 217 -1 36 126 178 180 -1 106 199 217 -1 126 127 178 180 -1 65 217 -1 126 180 207 208 209 -1 106 199 217 -1 36 125 126 180 -1 70 -1 55 113 -1 13 132 133 134 -1 68 145 -1 -2
142 191 -1 155 -1 137 142 191 -1 155 156 172 174 -1 142 187 -1 24 25 157 -1 135 155 156 -1 106 199 -1 95 218 -1 74 75 125 126 -1 70 71 -1 10 27 29 73 75 -1 70 71 -1 10 74 75 -1 70 71 -1 9 10 27 29 -1 70 71 -1 10 27 29 73 75 -1 106 -1 16 -1 137 154 -1 -2
89 172 173 -1 142 191 -1 23 119 157 158 -1 155 156 173 -1 -2
47 84 212 -1 72 124 -1 169 210 212 -1 117 -1 99 101 -1 71 106 199 -1 75 126 -1 46 72 -1 47 83 211 212 -1 21 70 175 -1 42 55 110 214 -1 9 10 27 -1 71 137 154 -1 -2
32 66 138 -1 -2
1 2 3 4 116 -1 8 10 26 27 28 -1 142 191 -1 7 145 -1 -2
169 171 -1 15 65 195 199 -1 36 152 179 180 207 209 -1 124 199 -1 36 169 -1 117 124 -1 169 -1 117 124 176 -1 99 100 169 170 193 194 -1 46 175 -1 47 48 -1 142 187 -1 23 25 110 -1 69 -1 -2
95 147 -1 73 75 -1 -2
162 163 220 221 -1 22 46 183 -1 128 204 214 -1 47 48 97 98 136 155 163 -1 21 175 183 187 -1 13 14 133 134 -1 196 -1 -2
65 217 -1 79 80 -1 63 64 89 -1 -2
55 57 113 114 -1 150 192 193 -1 117 176 -1 150 192 193 -1 117 124 -1 101 102 169 -1 20 117 -1 85 99 100 102 -1 117 176 -1 100 102 193 194 -1 46 87 -1 115 197 214 -1 27 47 97 98 -1 70 175 -1 26 27 28 97 98 -1 142 187 -1 23 25 -1 68 -1 -2
102 -1 88 -1 93 201 -1 87 -1 116 197 214 -1 162 163 220 221 -1 70 -1 10 27 -1 21 142 175 187 -1 135 155 156 -1 21 22 142 -1 135 155 156 162 -1 22 183 -1 162 221 -1 88 -1 93 201 -1 15 20 117 -1 33 35 -1 85 86 152 169 171 -1 15 65 124 195 -1 152 169 180 207 209 -1 15 20 124 -1 85 152 169 -1 117 176 -1 101 193 -1 15 65 195 199 -1 36 152 180 208 -1 106 199 217 -1 36 126 177 180 -1 106 199 -1 36 126 -1 137 191 -1 10 155 172 -1 137 191 -1 68 69 -1 -2
58 68 69 -1 -2
137 -1 119 -1 68 -1 -2
44 159 -1 -2
63 126 127 178 -1 19 154 -1 51 160 -1 -2
154 -1 89 -1 19 154 -1 12 79 120 -1 137 154 -1 119 120 -1 89 -1 19 154 -1 12 120 -1 44 45 160 -1 -2
70 175 -1 27 47 98 -1 19 154 -1 11 12 120 -1 43 45 160 161 -1 -2
41 197 218 219 -1 169 171 193 212 -1 124 199 -1 95 -1 36 37 169 -1 15 65 195 199 -1 36 152 179 180 208 209 -1 124 199 -1 36 169 170 -1 46 72 -1 47 82 83 211 -1 21 142 175 187 -1 135 136 155 156 -1 21 70 175 187 -1 27 135 136 155 -1 70 -1 8 10 26 27 -1 137 191 -1 68 69 -1 154 -1 120 -1 89 90 -1 71 106 -1 125 126 -1 71 106 -1 74 75 126 -1 70 71 -1 10 75 -1 71 -1 27 73 75 -1 71 106 -1 73 75 -1 106 -1 126 127 -1 19 65 217 -1 63 64 125 180 -1 106 154 -1 89 126 -1 -2
85 86 152 153 -1 15 20 65 195 -1 34 35 79 107 147 -1 36 125 -1 175 184 -1 27 83 97 98 -1 70 71 175 -1 10 27 28 74 75 -1 142 187 -1 23 25 158 -1 60 68 -1 -2
115 116 197 214 -1 75 126 127 -1 106 217 -1 126 -1 106 217 -1 125 126 178 180 -1 137 154 -1 119 120 -1 89 91 -1 -2
93 149 150 193 201 -1 22 183 -1 103 104 162 163 220 221 -1 87 183 -1 150 221 -1 87 88 -1 93 150 151 201 -1 117 -1 1 4 76 77 -1 36 126 178 180 208 -1 106 217 -1 125 126 180 -1 106 217 -1 125 126 180 -1 106 154 -1 89 126 -1 -2
137 142 191 -1 155 172 173 -1 137 -1 58 -1 -2
8 10 75 -1 137 154 -1 119 120 -1 172 173 -1 137 -1 172 173 174 -1 -2
93 201 -1 15 20 -1 33 35 -1 36 152 180 208 -1 106 195 217 -1 37 126 127 178 180 -1 65 195 -1 126 180 207 -1 65 195 199 -1 36 180 207 208 209 -1 15 65 195 199 -1 36 152 177 180 207 -1 15 20 117 -1 85 152 -1 117 176 -1 100 193 194 -1 46 87 183 -1 47 150 221 -1 88 -1 93 201 -1 15 20 105 -1 85 141 152 -1 88 105 -1 92 93 140 201 -1 65 195 217 -1 36 177 180 207 -1 15 65 195 199 -1 36 152 180 208 -1 15 65 195 199 -1 36 152 180 207 209 -1 15 20 124 -1 85 152 169 170 -1 142 187 -1 135 155 156 -1 70 175 -1 42 55 110 -1 10 27 73 75 -1 71 137 154 -1 -2
30 31 32 38 39 -1 -2
57 61 95 113 114 -1 47 101 169 171 193 -1 106 199 217 -1 36 126 127 178 -1 19 154 -1 44 52 159 -1 -2
41 42 111 112 129 203 214 -1 85 86 153 169 171 178 -1 106 217 -1 63 64 125 126 179 180 207 -1 106 217 -1 62 95 -1 63 89 -1 19 154 -1 52 159 -1 -2
104 150 221 -1 87 88 -1 92 93 150 201 -1 106 199 -1 75 126 127 -1 19 154 -1 12 120 -1 63 89 91 -1 106 154 -1 -2
164 166 -1 -2
74 75 89 91 125 -1 70 71 -1 8 10 74 75 -1 137 191 -1 119 157 -1 69 -1 137 154 -1 89 172 173 -1 -2
84 210 212 213 -1 87 176 -1 150 192 193 -1 20 117 -1 1 4 35 76 77 115 -1 152 153 169 208 -1 106 199 -1 36 126 -1 106 199 -1 62 95 -1 126 127 -1 154 -1 11 120 -1 44 -1 70 137 154 -1 -2
38 39 138 -1 -2
106 199 -1 61 94 95 113 114 -1 102 169 210 -1 117 124 176 -1 2 116 147 -1 47 149 150 193 194 -1 22 46 183 -1 128 204 214 -1 6 144 -1 -2
19 154 -1 63 64 89 -1 106 217 -1 63 126 178 180 -1 19 106 217 -1 63 89 126 180 -1 19 65 217 -1 63 180 208 -1 106 154 -1 89 126 -1 -2
129 197 203 205 214 -1 36 126 177 179 180 -1 106 199 217 -1 36 125 126 178 180 -1 106 -1 75 126 127 -1 154 -1 120 -1 44 159 -1 154 -1 120 -1 -2
47 49 212 -1 106 199 -1 36 37 126 127 -1 65 217 -1 64 126 207 208 209 -1 65 106 195 217 -1 125 126 179 180 -1 71 106 -1 75 126 -1 106 199 217 -1 36 126 127 -1 106 154 -1 11 62 120 -1 -2
165 -1 -2
36 37 126 -1 106 199 -1 36 37 126 -1 106 217 -1 126 127 180 -1 65 217 -1 79 -1 89 126 -1 -2
66 67 -1 -2
40 41 42 55 111 112 -1 36 126 -1 184 199 -1 95 218 -1 27 28 74 75 -1 70 71 175 -1 27 75 98 -1 21 70 175 187 -1 26 97 98 136 -1 142 187 -1 10 135 155 156 -1 70 175 187 -1 27 28 135 136 155 -1 142 187 -1 27 136 155 -1 142 187 -1 10 155 156 -1 70 175 187 -1 10 27 29 135 136 155 -1 71 106 -1 74 75 125 126 -1 137 -1 172 -1 -2
126 178 180 208 -1 19 106 217 -1 63 126 208 -1 19 154 217 -1 63 89 126 -1 154 -1 89 91 -1 137 154 -1 89 90 -1 -2
25 41 111 112 129 203 214 -1 85 152 169 170 180 -1 15 20 124 195 199 -1 36 85 169 180 -1 20 117 -1 85 99 100 169 -1 46 72 -1 47 211 212 -1 46 175 183 -1 47 48 97 98 136 -1 70 142 187 -1 26 27 136 155 -1 142 187 -1 10 155 156 -1 70 187 -1 8 10 26 27 136 -1 142 191 -1 69 143 -1 -2
126 -1 65 195 217 -1 36 178 180 208 -1 65 195 217 -1 126 180 207 -1 15 65 195 199 -1 36 152 177 179 180 207 -1 117 124 -1 100 169 170 -1 46 87 -1 47 48 -1 21 22 142 187 -1 23 25 110 112 128 203 -1 9 10 27 29 -1 70 71 -1 9 10 73 75 89 -1 71 106 -1 10 73 75 89 -1 71 137 154 -1 62 113 119 120 -1 -2
32 165 -1 -2
63 64 207 -1 19 65 217 -1 52 188 189 -1 137 154 -1 119 120 -1 -2
31 32 -1 -2
63 208 -1 19 106 154 -1 12 79 120 -1 89 91 -1 71 137 154 -1 -2
30 31 32 67 138 139 -1 -2
30 32 166 -1 -2
150 221 -1 46 72 124 176 -1 47 149 169 193 194 211 -1 46 175 -1 42 197 214 -1 9 10 27 29 73 -1 137 154 -1 -2
31 32 165 -1 -2
55 113 -1 123 196 206 -1 -2
8 26 27 75 -1 137 191 -1 -2
66 -1 -2
126 -1 106 199 217 -1 36 125 126 180 -1 71 106 -1 74 75 -1 70 71 -1 55 113 -1 135 155 156 -1 70 175 187 -1 27 28 135 136 155 -1 142 187 -1 135 155 156 -1 46 87 -1 47 50 221 -1 88 117 176 -1 93 101 150 193 201 -1 20 124 -1 85 86 169 171 -1 106 199 -1 36 126 -1 106 199 -1 36 125 -1 72 184 -1 36 83 211 -1 137 191 -1 68 144 -1 -2
2 4 35 147 -1 47 150 221 -1 87 -1 149 150 221 -1 46 72 -1 47 150 -1 22 142 183 -1 23 110 128 204 214 -1 10 27 136 155 -1 142 187 -1 135 155 156 -1 70 175 -1 27 29 98 -1 70 175 -1 27 29 98 -1 19 154 -1 63 89 -1 11 12 79 80 120 -1 19 154 -1 63 89 -1 -2
117 124 -1 99 101 169 171 -1 106 195 199 217 -1 36 126 177 180 -1 117 176 -1 99 101 193 194 -1 46 175 -1 47 48 -1 70 175 -1 27 98 135 136 -1 21 22 142 187 -1 98 135 155 156 -1 46 183 -1 47 50 150 221 -1 87 176 -1 150 192 193 -1 20 117 -1 1 4 33 35 77 -1 85 86 152 153 169 171 -1 106 -1 62 113 -1 45 -1 -2
154 -1 120 -1 -2
30 31 32 166 -1 -2
61 79 94 -1 47 49 150 -1 117 124 176 -1 101 169 193 -1 106 199 217 -1 62 95 107 -1 63 126 178 180 208 -1 19 154 -1 196 206 -1 196 206 -1 -2
106 -1 73 126 127 -1 65 195 217 -1 126 178 208 -1 19 65 -1 196 206 -1 -2
31 38 66 67 139 -1 119 120 -1 -2
31 38 39 -1 -2
10 136 155 -1 137 191 -1 155 172 -1 142 191 -1 69 143 -1 -2
62 113 114 -1 85 86 99 169 171 -1 106 217 -1 62 79 80 95 -1 75 89 126 -1 106 154 -1 89 126 127 -1 19 106 154 -1 11 12 120 -1 89 91 -1 137 154 -1 -2
30 31 32 67 139 -1 -2
46 87 183 -1 128 197 214 -1 27 98 135 136 -1 70 71 -1 27 29 73 75 -1 106 217 -1 62 80 95 -1 44 -1 -2
22 46 183 -1 47 49 50 162 221 -1 46 87 -1 47 48 149 150 -1 46 87 183 -1 47 49 50 162 221 -1 87 176 -1 150 151 192 193 -1 20 117 -1 85 86 99 101 -1 20 124 -1 33 35 107 147 -1 181 196 -1 181 196 -1 -2
45 -1 -2
20 117 -1 85 86 99 101 -1 117 124 -1 99 169 -1 142 191 -1 68 69 143 -1 -2
137 191 -1 155 156 172 174 -1 70 187 191 -1 8 10 136 155 -1 142 191 -1 155 156 172 -1 187 191 -1 155 -1 137 191 -1 119 157 158 -1 172 -1 142 191 -1 69 143 -1 -2
137 -1 119 157 -1 -2
61 62 113 114 -1 99 101 -1 65 217 -1 62 79 80 -1 63 207 208 -1 19 65 217 -1 63 126 178 208 -1 19 65 154 -1 63 64 89 207 -1 19 217 -1 11 12 79 -1 63 208 -1 19 65 -1 11 12 79 80 -1 52 159 -1 137 154 -1 119 120 -1 -2
93 201 -1 22 87 183 -1 150 162 221 -1 87 176 -1 150 151 192 193 -1 117 -1 101 -1 15 20 117 -1 85 86 99 152 153 -1 154 -1 89 -1 -2
20 105 117 -1 85 86 99 140 141 -1 20 117 -1 85 86 99 101 -1 65 106 217 -1 63 126 180 208 -1 79 80 -1 65 217 -1 63 126 180 208 -1 65 217 -1 63 180 208 209 -1 -2
135 155 156 -1 70 175 -1 27 98 -1 46 70 175 183 -1 47 98 135 -1 46 87 176 -1 47 48 149 150 -1 70 71 175 -1 27 29 73 75 -1 71 106 -1 73 75 126 127 -1 19 65 217 -1 12 79 -1 75 125 126 -1 70 71 -1 -2
22 183 -1 162 221 -1 88 -1 93 201 -1 15 20 -1 85 152 -1 15 20 117 -1 85 86 99 152 -1 72 124 -1 147 200 -1 8 10 27 28 74 75 -1 142 187 191 -1 5 143 -1 137 154 -1 120 -1 63 64 207 -1 65 106 217 -1 63 126 178 180 208 -1 106 154 -1 89 90 -1 -2
1 2 115 116 -1 10 27 73 75 -1 71 106 -1 61 62 113 114 -1 -2
155 156 172 -1 24 25 157 -1 70 187 191 -1 10 135 155 156 173 -1 70 71 -1 10 27 73 75 -1 70 71 137 154 -1 10 73 75 89 -1 71 106 -1 -2
154 -1 44 -1 -2
154 -1 120 -1 63 64 89 -1 106 -1 75 125 126 -1 137 154 -1 119 120 -1 89 91 -1 -2
31 32 38 -1 -2
30 164 166 -1 -2
137 154 -1 -2
30 31 32 166 -1 21 70 175 187 -1 27 97 98 136 155 -1 -2
27 136 155 -1 142 191 -1 143 -1 -2
70 175 -1 10 27 29 135 -1 70 175 -1 26 27 28 74 97 -1 70 142 187 -1 10 136 155 -1 137 191 -1 155 172 -1 -2
106 217 -1 63 126 127 178 180 -1 65 217 -1 63 208 -1 154 -1 89 91 -1 -2
95 146 147 -1 10 27 75 -1 70 71 175 -1 10 27 28 74 75 -1 70 71 175 -1 9 10 27 29 73 -1 71 106 -1 -2
197 203 205 214 -1 181 182 196 -1 -2
8 10 26 27 75 -1 142 191 -1 68 144 -1 -2
137 191 -1 10 155 156 172 174 -1 70 187 -1 10 27 135 155 156 -1 71 184 199 -1 36 37 73 75 81 -1 106 199 217 -1 125 126 180 -1 71 106 -1 75 126 127 -1 -2
137 154 -1 -2
30 31 32 166 -1 -2
31 32 38 -1 -2
99 101 -1 20 117 124 -1 1 33 35 147 -1 35 79 94 95 109 -1 36 125 126 -1 70 175 -1 42 55 110 -1 8 10 27 -1 137 -1 119 -1 5 58 -1 -2
61 94 95 96 -1 185 186 -1 27 28 97 98 136 -1 142 187 -1 135 155 156 -1 21 70 175 -1 27 98 135 -1 70 175 -1 27 97 98 -1 21 22 142 187 -1 136 155 -1 70 142 187 -1 135 136 155 -1 70 187 -1 8 10 26 27 136 -1 142 191 -1 25 157 -1 136 155 -1 142 191 -1 69 143 -1 -2
19 217 -1 63 89 -1 19 65 -1 63 208 -1 19 217 -1 12 79 120 -1 63 208 -1 154 -1 89 91 -1 154 -1 196 -1 45 -1 -2
19 65 -1 12 79 -1 63 89 -1 -2
2 146 147 -1 82 83 84 97 -1 70 175 -1 42 197 214 -1 55 113 -1 -2
47 210 212 -1 46 72 -1 47 212 -1 106 199 -1 36 37 126 127 -1 19 106 217 -1 181 182 196 -1 12 79 120 -1 63 126 180 -1 65 217 -1 63 126 178 208 -1 19 154 -1 51 52 159 160 -1 -2
71 106 -1 196 -1 74 75 -1 -2
39 -1 -2
61 62 94 95 -1 47 49 150 -1 46 72 -1 169 193 211 212 -1 70 71 -1 55 110 -1 68 -1 19 154 -1 12 79 120 -1 63 64 207 209 -1 19 217 -1 63 64 89 126 -1 65 195 217 -1 125 126 179 180 208 -1 106 217 -1 126 127 180 -1 19 65 -1 51 189 -1 -2
115 116 197 214 -1 74 75 126 -1 137 154 -1 119 120 -1 -2
30 32 166 -1 -2
46 87 183 -1 47 150 151 221 -1 72 117 124 176 -1 99 169 171 193 -1 70 71 137 -1 55 113 -1 8 10 172 -1 137 191 -1 68 69 -1 -2
63 64 126 207 209 -1 106 195 217 -1 126 127 178 180 -1 65 217 -1 63 64 126 180 207 209 -1 65 106 217 -1 63 125 126 179 180 209 -1 106 217 -1 63 125 126 178 180 -1 154 -1 120 -1 44 159 -1 -2
19 65 217 -1 52 188 189 -1 137 154 -1 -2
32 164 166 -1 -2
1 2 3 116 147 -1 8 10 27 28 74 -1 70 142 187 -1 9 10 27 135 155 156 -1 70 71 -1 73 75 -1 106 199 -1 36 75 126 127 -1 154 -1 120 -1 89 -1 19 154 -1 52 159 160 -1 -2
115 116 197 214 -1 75 126 -1 71 106 -1 55 113 -1 14 196 -1 55 -1 8 10 74 -1 142 191 -1 69 143 -1 -2
63 126 180 -1 65 217 -1 63 125 126 179 180 208 -1 106 -1 75 126 -1 106 217 -1 125 126 180 -1 106 -1 74 125 126 -1 -2
115 116 197 214 -1 75 126 -1 106 199 -1 36 37 126 127 -1 65 106 195 217 -1 126 178 180 208 -1 19 106 217 -1 63 125 126 180 -1 106 154 -1 120 -1 -2
165 166 -1 -2
67 138 139 -1 -2
47 150 -1 71 175 184 -1 27 82 83 84 97 98 -1 21 22 142 187 -1 23 42 110 112 128 -1 68 144 -1 -2
45 -1 79 80 95 -1 106 217 -1 126 127 -1 19 65 217 -1 51 189 -1 -2
44 52 159 -1 137 -1 -2
46 87 -1 47 49 150 151 193 -1 20 117 124 -1 85 86 99 169 171 -1 106 199 -1 36 75 125 126 -1 71 106 -1 -2
66 67 139 -1 -2
196 206 -1 137 154 -1 89 91 -1 -2
2 34 35 146 147 -1 27 98 135 136 -1 106 137 154 -1 -2
30 31 32 166 -1 -2
154 -1 89 91 -1 -2
61 62 94 95 113 -1 47 150 151 221 -1 46 87 -1 47 49 150 151 -1 117 -1 1 2 4 33 115 -1 36 126 -1 71 -1 55 62 113 -1 -2
99 101 169 170 -1 117 124 -1 102 169 -1 117 176 -1 1 4 115 116 -1 101 169 193 -1 15 20 -1 85 86 99 152 153 -1 65 195 199 217 -1 178 180 208 -1 106 195 199 217 -1 125 126 179 180 -1 106 199 -1 73 75 126 127 -1 65 195 217 -1 126 180 208 209 -1 106 -1 75 126 -1 106 199 217 -1 36 37 126 127 178 -1 106 217 -1 63 126 180 -1 65 106 195 217 -1 126 178 180 208 -1 154 -1 44 45 -1 -2
93 201 -1 137 -1 88 148 -1 197 203 205 -1 93 201 -1 -2
117 124 -1 85 102 169 -1 117 176 -1 101 192 193 -1 117 -1 102 169 -1 88 117 -1 93 201 -1 88 148 183 -1 103 104 201 -1 87 88 176 -1 149 150 193 194 -1 22 183 -1 104 162 163 221 -1 46 87 183 -1 131 197 214 -1 47 50 150 -1 87 176 -1 149 150 193 -1 71 -1 55 57 113 114 -1 -2
8 26 27 28 74 75 -1 70 71 -1 8 10 26 27 -1 70 71 -1 8 10 27 75 -1 137 154 -1 119 120 -1 -2
31 38 39 -1 -2
115 116 197 -1 74 75 -1 70 71 175 -1 10 27 28 74 75 -1 70 142 187 -1 5 143 -1 137 154 -1 -2
30 32 166 -1 -2
137 154 -1 89 91 172 -1 137 -1 -2
94 95 96 113 219 -1 47 48 149 150 -1 21 22 142 187 -1 24 25 112 -1 162 221 -1 46 87 -1 47 49 150 -1 46 87 176 -1 47 150 193 -1 106 217 -1 63 126 127 178 180 -1 19 154 -1 63 64 89 -1 71 106 199 -1 37 73 75 126 127 -1 106 217 -1 62 95 -1 73 75 -1 106 217 -1 125 126 180 -1 71 106 199 -1 74 75 125 126 -1 137 -1 119 120 -1 -2
93 201 -1 87 -1 149 150 -1 46 87 176 -1 47 48 149 150 193 -1 46 -1 47 -1 46 87 -1 197 214 -1 13 14 133 134 -1 172 173 -1 -2
39 -1 -2
61 95 113 114 -1 47 150 193 -1 87 176 -1 115 116 197 214 -1 169 212 -1 20 117 124 -1 85 100 169 170 -1 87 176 -1 101 150 193 -1 106 199 217 -1 36 125 126 179 180 -1 124 184 199 -1 36 37 83 169 -1 71 106 -1 61 62 113 114 -1 74 75 125 126 -1 70 187 191 -1 10 135 156 -1 70 175 -1 5 -1 154 -1 44 -1 -2
19 65 217 -1 63 126 178 208 -1 19 65 154 -1 63 64 89 207 -1 106 217 -1 125 126 179 180 -1 71 106 -1 74 75 126 -1 137 191 -1 69 143 -1 -2
117 176 -1 1 4 76 77 116 -1 99 101 -1 65 106 217 -1 62 79 80 -1 196 206 -1 137 -1 172 -1 -2
46 87 -1 197 214 -1 27 75 98 -1 46 72 124 176 -1 47 101 150 169 193 -1 106 199 217 -1 36 126 180 -1 71 -1 196 -1 55 113 -1 -2
66 67 -1 -2
115 116 197 -1 73 75 -1 71 106 -1 -2
27 29 98 -1 71 175 184 -1 26 27 74 75 83 97 98 -1 70 71 -1 9 10 27 29 -1 70 71 -1 8 10 27 75 -1 70 71 -1 8 10 73 75 -1 137 154 -1 -2
31 32 38 -1 -2
39 138 139 -1 -2
87 -1 149 150 -1 46 72 87 -1 47 48 149 150 193 -1 70 175 -1 9 10 27 29 -1 71 106 -1 73 75 126 -1 106 217 -1 125 126 179 180 208 -1 106 -1 74 75 125 126 -1 -2
117 176 -1 150 192 193 -1 117 176 -1 99 193 -1 72 -1 210 212 213 -1 87 176 -1 47 149 150 193 -1 87 183 -1 47 150 221 -1 117 124 176 -1 116 146 147 197 -1 47 48 97 98 -1 70 142 187 -1 135 136 155 156 -1 70 175 187 -1 8 26 27 136 -1 142 191 -1 13 133 134 190 -1 -2
30 166 -1 -2
1 2 3 115 116 -1 8 10 27 28 -1 70 142 187 -1 135 155 156 -1 21 70 175 187 -1 27 135 136 155 -1 70 187 -1 10 27 135 -1 72 -1 47 212 -1 106 199 -1 36 125 126 -1 184 -1 82 83 -1 70 175 -1 10 27 98 -1 21 22 46 175 183 -1 98 135 156 162 -1 46 87 183 -1 47 49 150 221 -1 117 176 -1 101 150 192 193 -1 117 176 -1 101 193 -1 117 -1 85 102 -1 88 -1 93 201 -1 20 117 -1 85 99 100 102 -1 117 124 176 -1 101 102 169 193 -1 117 176 -1 99 100 102 193 194 -1 46 87 183 -1 128 197 204 214 -1 8 26 27 136 -1 142 187 191 -1 23 25 158 -1 69 143 -1 -2
99 101 169 -1 72 124 -1 169 211 212 -1 71 184 -1 75 83 84 98 -1 175 184 -1 27 81 83 97 98 -1 71 175 184 199 -1 27 36 74 75 83 98 -1 70 175 -1 27 98 -1 71 -1 75 -1 71 -1 27 73 75 -1 71 106 -1 73 75 126 -1 106 217 -1 126 127 -1 19 154 -1 52 159 -1 -2
89 90 -1 88 -1 137 154 -1 -2
30 31 32 -1 -2
70 142 187 -1 136 155 -1 142 191 -1 155 156 172 174 -1 142 187 -1 27 135 136 155 -1 154 -1 44 -1 -2
125 126 -1 71 106 -1 74 75 -1 70 71 -1 8 10 74 75 -1 70 187 -1 5 -1 19 154 -1 52 159 -1 -2
93 201 202 -1 142 187 -1 23 25 55 -1 8 10 172 -1 137 -1 58 60 -1 -2
137 154 -1 119 120 -1 -2
32 39 138 -1 -2
20 106 199 217 -1 36 37 126 180 -1 15 65 195 199 -1 36 178 180 208 -1 106 217 -1 12 62 79 95 -1 75 125 126 -1 70 71 -1 8 10 74 75 -1 137 -1 58 -1 -2
47 149 150 -1 184 -1 83 211 -1 70 187 -1 10 27 -1 21 70 175 -1 27 98 135 -1 46 87 -1 47 49 221 -1 117 124 -1 169 -1 15 20 124 -1 85 152 169 170 -1 124 199 -1 36 37 169 -1 15 65 195 199 -1 36 152 180 207 -1 15 20 117 -1 85 152 -1 72 124 176 -1 99 169 193 211 -1 137 191 -1 119 157 158 -1 69 143 -1 -2
169 171 -1 15 20 195 199 217 -1 33 35 95 107 -1 12 120 -1 89 90 -1 71 106 154 -1 -2
92 93 201 -1 88 117 -1 93 99 101 201 -1 117 -1 1 2 76 77 115 -1 215 216 -1 73 75 126 127 -1 154 -1 44 -1 -2
32 39 -1 -2
137 154 -1 -2
31 32 38 -1 -2
164 166 -1 -2
10 135 155 156 -1 70 71 -1 10 27 75 -1 70 175 -1 27 29 98 -1 71 184 199 -1 36 75 84 -1 72 -1 169 211 212 -1 70 71 175 -1 26 27 28 97 98 -1 70 142 187 -1 10 27 135 155 156 -1 70 71 -1 26 27 74 75 -1 70 71 -1 9 10 73 75 -1 70 71 137 -1 8 10 74 75 -1 -2
106 199 -1 95 107 -1 125 126 180 -1 71 106 -1 73 75 126 -1 71 137 154 -1 62 113 119 120 -1 -2
31 38 39 -1 -2
40 41 42 55 57 -1 99 100 169 170 -1 46 72 -1 47 211 213 -1 46 -1 197 214 -1 8 10 26 27 74 75 -1 137 191 -1 10 155 156 172 173 -1 70 -1 8 10 27 -1 -2
9 10 27 29 136 -1 71 137 154 -1 10 73 75 89 173 -1 -2
93 201 -1 137 -1 -2
99 101 -1 117 -1 99 101 -1 106 -1 62 95 -1 44 -1 -2
93 99 201 -1 46 87 -1 116 197 214 -1 36 37 126 -1 65 195 217 -1 126 177 180 207 209 -1 124 -1 169 171 -1 65 106 195 217 -1 126 177 179 180 207 209 -1 106 199 -1 36 126 -1 71 106 -1 62 113 -1 74 75 125 126 -1 137 142 191 -1 68 -1 -2
30 31 32 -1 -2
154 -1 120 -1 -2
197 200 -1 47 81 83 212 -1 106 217 -1 63 64 126 180 -1 65 195 199 217 -1 36 126 178 180 208 -1 106 199 217 -1 36 125 126 180 -1 71 106 -1 62 95 113 -1 126 127 178 180 -1 65 217 -1 63 125 180 208 209 -1 71 -1 73 75 -1 154 -1 120 -1 -2
30 31 67 166 -1 -2
137 154 -1 119 120 -1 89 91 125 -1 -2
115 147 197 200 -1 27 73 75 98 -1 124 199 -1 36 37 169 171 -1 19 154 -1 52 159 -1 -2
129 130 197 203 214 -1 36 37 169 171 -1 106 217 -1 36 125 126 180 -1 71 106 199 -1 36 74 75 126 -1 70 71 -1 10 27 75 -1 70 175 184 -1 26 27 97 98 -1 142 191 -1 5 69 143 -1 137 154 -1 89 91 -1 -2
55 56 57 112 -1 86 99 101 169 -1 124 199 -1 94 95 147 -1 36 82 83 -1 70 71 175 -1 10 27 29 73 -1 154 -1 -2
165 166 -1 -2
115 116 197 214 -1 36 37 126 127 -1 106 217 -1 125 126 178 180 -1 71 106 -1 62 113 -1 126 127 -1 19 154 -1 52 159 -1 -2
47 48 150 220 221 -1 70 137 191 -1 9 10 172 173 -1 71 106 -1 73 75 89 126 127 -1 154 -1 44 -1 -2
51 52 159 161 -1 70 71 -1 55 113 -1 89 172 173 -1 -2
125 126 -1 137 154 -1 -2
38 39 -1 93 99 101 201 -1 -2
137 -1 172 173 -1 137 154 -1 -2
30 31 32 -1 -2
2 146 147 -1 27 97 98 -1 71 -1 74 75 -1 70 -1 55 -1 59 60 -1 -2
137 191 -1 23 157 158 -1 68 -1 -2
70 71 175 -1 42 55 -1 155 -1 23 118 119 158 -1 142 191 -1 155 172 -1 137 142 191 -1 133 134 190 -1 69 -1 -2
36 180 207 208 209 -1 124 -1 169 170 -1 70 187 -1 42 55 110 -1 13 14 190 -1 -2
61 62 94 113 -1 42 197 214 -1 -2
66 67 139 -1 -2
71 106 199 -1 61 62 94 95 113 -1 36 74 75 126 -1 71 106 -1 10 74 75 -1 142 191 -1 23 25 157 158 -1 69 143 -1 -2
137 154 -1 -2
30 32 166 -1 -2
41 42 55 111 112 214 -1 33 95 107 -1 120 -1 44 -1 137 154 -1 -2
30 31 38 39 -1 -2
87 176 -1 150 192 193 -1 117 124 -1 101 169 171 -1 20 124 -1 85 169 170 -1 72 124 -1 47 169 193 211 212 -1 70 175 -1 26 27 97 98 -1 70 71 175 -1 10 27 29 75 -1 70 71 175 -1 27 73 74 75 -1 71 -1 55 113 -1 -2
85 102 152 -1 20 105 117 -1 85 102 141 -1 88 -1 93 201 -1 88 -1 93 201 202 -1 46 175 -1 47 -1 22 87 183 -1 162 163 220 221 -1 22 183 -1 47 162 221 -1 22 87 183 -1 162 221 -1 46 87 176 -1 47 150 193 -1 117 176 -1 101 192 193 -1 15 20 124 -1 85 86 152 153 169 -1 65 195 199 -1 36 180 207 208 209 -1 65 195 199 217 -1 36 153 178 180 208 -1 65 106 195 217 -1 125 126 179 180 208 209 -1 71 106 199 -1 36 74 75 125 126 -1 70 71 -1 8 26 27 28 74 75 -1 142 191 -1 14 134 -1 -2
61 62 113 114 -1 149 150 193 -1 46 87 176 -1 47 150 193 212 -1 65 217 -1 126 180 207 -1 65 195 217 -1 125 126 179 180 208 209 -1 106 199 217 -1 36 125 126 -1 137 154 -1 89 91 -1 -2
116 197 214 -1 125 126 127 -1 106 154 -1 89 -1 154 -1 196 -1 -2
112 129 130 197 203 205 214 -1 36 85 169 177 180 -1 88 117 176 -1 93 99 100 102 193 194 -1 87 183 -1 149 150 220 221 -1 22 46 183 -1 47 135 162 221 -1 87 -1 150 193 -1 88 -1 92 93 201 -1 15 20 -1 33 35 -1 85 152 169 -1 117 124 -1 86 169 171 -1 106 -1 62 95 -1 36 37 126 127 180 -1 65 106 217 -1 63 126 179 180 207 208 209 -1 106 217 -1 126 127 178 180 -1 65 217 -1 63 180 207 208 209 -1 19 106 217 -1 126 127 178 -1 19 65 -1 52 159 188 -1 -2
19 154 -1 52 159 -1 137 -1 -2
55 56 57 113 114 -1 36 84 -1 72 124 -1 169 170 211 212 -1 70 175 183 -1 42 55 110 214 -1 136 155 -1 142 187 -1 135 155 156 -1 70 175 -1 27 29 98 135 136 -1 70 71 -1 10 27 73 75 -1 71 -1 10 74 75 -1 -2
142 187 191 -1 155 156 -1 142 187 -1 27 135 136 155 156 -1 70 175 -1 8 26 27 28 97 136 -1 142 187 191 -1 5 143 -1 137 154 -1 -2
30 31 32 38 -1 -2
1 115 116 -1 74 75 125 126 -1 71 -1 73 75 -1 106 -1 18 -1 -2
92 93 201 -1 20 117 124 -1 85 86 99 101 169 171 -1 15 20 65 195 199 -1 36 152 169 178 180 208 -1 106 199 -1 36 37 126 127 -1 154 -1 44 -1 -2
154 -1 120 -1 75 126 127 -1 19 217 -1 63 64 89 -1 106 199 217 -1 36 125 126 179 180 -1 106 199 -1 36 37 126 127 -1 106 195 199 217 -1 36 125 126 180 -1 137 -1 14 190 -1 10 172 174 -1 -2
47 49 150 -1 20 117 124 -1 86 99 101 169 171 -1 65 106 217 -1 62 79 80 95 -1 63 64 89 -1 19 154 217 -1 63 89 126 -1 154 -1 12 120 -1 44 -1 -2
137 154 -1 119 120 -1 -2
30 32 -1 -2
47 50 150 -1 87 176 -1 150 193 -1 88 -1 92 93 201 -1 117 -1 1 4 76 77 -1 85 99 152 169 -1 117 124 -1 101 169 171 -1 65 195 199 217 -1 36 177 180 207 -1 20 117 124 -1 85 100 102 169 170 -1 87 176 -1 149 150 193 194 -1 46 87 183 -1 47 48 149 150 220 -1 21 175 183 187 -1 98 135 156 162 -1 46 87 -1 47 49 150 151 221 -1 117 124 176 -1 101 169 171 193 -1 65 195 199 217 -1 36 37 178 180 208 -1 65 195 217 -1 126 177 180 207 209 -1 20 124 199 -1 33 35 95 107 147 -1 126 127 -1 106 217 -1 62 79 80 95 -1 51 52 159 -1 70 137 -1 -2
38 39 -1 -2
116 197 214 -1 36 37 73 126 127 -1 65 217 -1 126 180 207 208 209 -1 106 199 217 -1 36 125 126 180 -1 71 106 199 -1 37 73 75 126 127 -1 106 -1 125 126 -1 71 106 137 154 -1 61 62 114 120 -1 -2
67 -1 -2
93 100 101 102 201 -1 88 -1 92 93 201 -1 87 117 176 -1 93 102 150 193 194 -1 87 88 -1 93 150 201 -1 88 105 117 -1 92 93 99 140 201 -1 106 199 217 -1 62 95 107 -1 63 64 89 -1 19 65 -1 11 12 79 80 -1 52 159 -1 137 -1 119 120 -1 9 10 27 29 135 -1 70 71 -1 55 113 -1 -2
38 138 139 -1 -2
9 10 135 155 172 173 -1 70 71 -1 8 10 74 75 -1 137 154 -1 -2
38 39 -1 -2
137 -1 172 173 -1 137 154 -1 172 173 -1 137 154 -1 -2
31 32 38 -1 -2
190 196 -1 -2
30 32 -1 -2
150 151 193 -1 117 176 -1 101 192 193 -1 20 117 -1 85 86 99 101 -1 15 20 117 124 -1 1 33 35 -1 85 102 169 -1 117 124 -1 99 101 169 171 -1 19 154 -1 51 160 -1 -2
137 -1 119 120 -1 -2
30 31 38 39 -1 -2
104 150 201 221 -1 88 -1 93 201 -1 21 70 175 187 -1 13 14 186 196 -1 42 197 214 -1 8 10 26 27 74 75 -1 70 187 191 -1 118 119 158 -1 58 68 -1 -2
41 55 56 57 113 -1 15 20 124 -1 85 152 169 170 -1 117 124 -1 102 169 -1 117 -1 99 100 101 102 -1 117 176 -1 99 193 194 -1 70 187 -1 23 55 110 -1 10 155 156 172 -1 142 187 -1 10 155 156 -1 21 70 175 187 -1 27 98 135 156 -1 46 175 183 -1 47 49 98 135 -1 72 124 184 199 -1 36 37 81 169 171 -1 65 195 217 -1 180 207 208 209 -1 106 199 -1 36 125 126 -1 106 184 199 -1 36 125 126 -1 175 184 -1 26 27 83 97 98 -1 70 175 -1 14 196 -1 42 55 -1 -2
67 138 139 -1 -2
103 104 220 221 -1 46 87 183 -1 128 129 203 205 214 -1 27 29 73 75 81 98 -1 65 217 -1 63 180 207 208 209 -1 106 -1 126 127 -1 19 65 217 -1 63 126 180 -1 65 217 -1 63 207 208 209 -1 19 106 217 -1 63 125 126 180 -1 137 154 -1 119 120 -1 16 44 52 -1 137 154 -1 -2
31 32 38 -1 -2
150 220 221 -1 46 87 -1 47 50 150 221 -1 46 87 -1 47 150 -1 46 87 176 -1 115 147 197 198 200 214 -1 10 74 75 -1 70 71 137 -1 10 75 -1 70 71 -1 -2
197 214 -1 36 74 125 126 -1 70 175 -1 8 26 27 28 136 -1 70 142 -1 10 155 156 -1 70 142 187 -1 24 25 112 -1 27 135 136 155 156 -1 70 175 -1 10 26 27 98 -1 70 71 -1 9 10 27 29 73 -1 70 71 137 -1 10 75 172 -1 70 71 -1 8 10 75 -1 137 -1 -2
31 38 39 -1 -2
115 116 197 214 -1 75 126 127 -1 106 154 -1 75 89 126 -1 71 106 154 -1 16 -1 -2
129 130 203 205 214 -1 75 125 126 127 -1 71 106 -1 61 62 113 -1 73 74 75 -1 71 137 154 -1 10 73 75 89 -1 71 106 -1 -2
137 191 -1 155 156 172 173 -1 70 -1 -2
2 116 146 147 -1 27 28 97 98 136 -1 21 22 142 187 -1 98 135 136 155 -1 70 175 187 -1 10 26 27 136 -1 70 187 -1 8 10 27 136 155 -1 137 -1 118 119 -1 58 -1 -2
25 42 110 112 129 130 205 -1 62 79 80 -1 11 12 80 120 -1 51 160 -1 -2
137 -1 -2
32 39 -1 -2
115 116 197 -1 74 75 -1 70 71 -1 55 113 -1 5 -1 -2
21 175 183 187 -1 98 135 155 156 162 -1 22 183 -1 47 162 221 -1 87 176 -1 93 150 192 193 -1 117 176 -1 99 101 193 -1 19 65 -1 63 208 209 -1 19 217 -1 51 52 159 -1 -2
67 138 139 -1 -2
1 2 3 115 116 -1 9 10 27 29 -1 106 217 -1 63 126 127 178 -1 19 154 -1 63 89 91 -1 154 -1 89 90 -1 71 106 -1 74 75 125 126 -1 70 71 106 154 -1 74 75 89 91 172 -1 -2
179 180 208 209 -1 195 199 217 -1 37 126 127 178 180 -1 65 195 217 -1 125 126 179 180 208 209 -1 175 184 -1 27 73 75 81 83 98 -1 106 -1 181 196 -1 196 -1 -2
92 93 201 -1 71 106 -1 62 113 -1 63 126 127 180 -1 65 217 -1 79 80 -1 51 160 189 -1 -2
137 154 -1 119 120 -1 69 143 -1 106 154 -1 89 91 125 -1 137 154 -1 73 75 89 173 -1 106 137 154 -1 89 91 125 126 -1 -2
147 197 198 200 214 -1 36 74 75 126 -1 70 71 -1 8 10 74 75 -1 70 187 -1 9 10 27 135 155 156 -1 70 71 -1 10 27 29 73 75 -1 106 199 -1 36 125 126 -1 71 -1 74 75 -1 70 71 137 154 -1 10 75 89 172 173 -1 -2
117 124 -1 85 169 170 -1 72 -1 84 210 212 213 -1 46 87 176 -1 47 149 150 193 -1 72 184 -1 81 212 -1 106 199 217 -1 36 126 127 178 180 -1 19 65 -1 12 79 120 -1 51 52 159 -1 -2
99 101 193 -1 20 117 -1 1 4 33 35 77 -1 85 86 99 153 169 171 -1 65 195 217 -1 178 180 208 -1 19 154 -1 52 159 -1 137 154 -1 89 172 -1 137 -1 -2
8 10 74 75 -1 70 71 -1 9 10 73 75 -1 154 -1 44 159 -1 -2
30 32 -1 119 120 -1 -2
66 139 -1 -2
36 84 126 -1 117 124 176 -1 1 2 115 116 147 -1 36 83 84 -1 72 -1 197 200 -1 73 75 -1 71 106 -1 74 75 125 126 -1 70 71 137 -1 55 113 119 -1 -2
30 31 32 -1 93 201 -1 -2
115 116 197 -1 73 75 126 127 -1 19 154 -1 52 159 -1 -2
124 -1 169 170 -1 70 71 175 -1 26 27 75 98 -1 70 -1 55 56 57 113 -1 8 10 27 75 -1 70 71 137 154 -1 8 10 74 75 172 -1 -2
25 57 112 -1 99 101 169 193 -1 72 124 -1 169 171 211 212 -1 137 154 -1 -2
31 38 39 -1 -2
128 129 203 205 214 -1 150 162 221 -1 87 -1 149 150 -1 46 87 183 -1 47 150 221 -1 46 87 -1 47 150 221 -1 46 72 87 -1 47 48 149 193 211 -1 70 142 175 187 -1 25 55 110 112 -1 9 10 27 29 -1 71 106 -1 74 75 126 -1 70 71 -1 55 113 119 -1 8 10 172 -1 137 191 -1 58 69 -1 -2
63 126 127 180 -1 78 79 -1 19 106 217 -1 63 125 126 180 -1 154 -1 -2
164 166 -1 -2
47 81 212 -1 71 106 -1 62 113 -1 89 -1 19 65 -1 63 208 -1 19 154 -1 44 159 160 -1 -2
62 95 -1 36 75 126 127 -1 154 -1 89 -1 154 -1 44 -1 137 154 -1 -2
31 32 38 -1 -2
15 20 117 -1 85 100 152 -1 117 124 176 -1 47 99 169 193 194 -1 137 191 -1 119 157 -1 10 135 156 172 -1 70 187 -1 8 10 26 27 136 -1 142 187 191 -1 5 143 -1 -2
8 10 75 -1 137 -1 119 120 -1 58 -1 137 154 -1 119 120 -1 63 64 207 -1 65 106 217 -1 63 125 126 179 180 208 209 -1 106 -1 74 125 126 -1 71 106 -1 73 75 126 -1 106 217 -1 16 -1 137 154 -1 119 120 -1 14 190 196 -1 -2
46 87 -1 47 150 151 193 -1 117 124 -1 1 4 115 116 147 -1 36 37 178 180 -1 65 217 -1 126 177 180 207 -1 20 124 -1 85 86 169 171 178 180 -1 20 124 199 -1 36 85 169 180 -1 70 187 -1 9 10 27 135 155 156 -1 70 71 -1 10 27 75 -1 70 71 -1 10 27 73 75 -1 154 -1 89 91 -1 137 154 -1 -2
30 31 32 166 -1 -2
79 80 95 107 -1 63 126 127 178 -1 19 65 -1 206 -1 120 -1 63 89 -1 19 65 -1 52 159 188 -1 -2
210 212 213 -1 46 87 176 -1 47 150 193 -1 72 -1 210 212 213 -1 46 87 176 -1 116 197 214 -1 36 169 -1 20 124 -1 85 169 -1 15 20 -1 85 86 99 153 169 -1 20 124 199 217 -1 181 182 215 216 -1 36 126 -1 184 199 -1 36 82 83 -1 142 187 -1 23 25 158 -1 68 144 -1 -2
1 2 77 115 116 -1 73 75 -1 106 -1 61 62 113 -1 -2
70 175 -1 55 110 -1 58 -1 137 154 -1 119 120 -1 8 10 27 74 75 -1 70 187 -1 5 -1 137 154 -1 89 90 91 -1 -2
44 52 159 -1 -2
1 115 116 147 -1 14 196 -1 9 10 27 73 75 -1 70 71 -1 10 73 75 -1 -2
20 117 124 -1 85 86 169 171 -1 71 106 -1 62 95 -1 62 95 -1 61 62 95 -1 125 126 180 -1 106 217 -1 36 125 126 -1 71 106 154 -1 10 74 75 89 -1 -2
115 116 147 197 -1 27 73 75 -1 71 106 199 -1 74 75 126 -1 71 106 -1 62 113 -1 -2
162 221 -1 87 183 -1 150 221 -1 88 -1 93 201 -1 117 176 -1 1 2 77 115 116 -1 99 101 169 193 -1 72 124 -1 212 -1 20 124 -1 169 171 -1 71 -1 75 -1 -2
2 35 95 146 147 -1 42 110 128 197 214 -1 -2
137 -1 -2
31 38 39 -1 -2
71 175 184 -1 81 84 98 -1 106 199 217 -1 36 37 126 127 -1 65 217 -1 16 188 189 -1 137 154 -1 119 120 -1 9 10 75 -1 71 -1 10 74 75 -1 70 71 -1 9 10 27 29 75 -1 71 106 199 -1 36 75 126 127 -1 71 106 -1 74 75 125 126 -1 71 106 137 154 -1 73 75 89 -1 154 -1 -2
164 166 -1 -2
4 35 147 -1 101 102 169 -1 117 176 -1 101 102 193 -1 88 -1 92 93 201 -1 117 176 -1 99 101 -1 117 124 -1 86 99 101 169 171 -1 19 154 -1 63 89 91 -1 -2
41 197 218 219 -1 102 169 193 210 -1 117 176 -1 99 101 193 -1 46 72 -1 47 211 213 -1 46 183 -1 128 204 214 -1 9 10 27 29 135 -1 70 71 175 -1 42 55 113 -1 13 14 190 -1 5 68 69 -1 137 -1 119 120 -1 58 60 -1 -2
115 116 197 -1 74 75 125 -1 71 106 -1 73 75 -1 106 -1 126 -1 106 217 -1 36 125 126 -1 71 106 -1 74 75 126 -1 71 106 -1 62 113 -1 75 126 -1 106 199 -1 36 125 126 -1 70 71 175 -1 27 29 73 75 98 -1 71 106 -1 74 75 125 126 -1 70 71 -1 27 29 73 75 -1 71 106 -1 74 75 -1 70 71 -1 13 14 196 -1 59 60 -1 -2
32 -1 118 119 120 -1 -2
74 75 125 126 -1 137 -1 58 -1 137 154 -1 -2
31 32 38 39 -1 -2
32 165 166 -1 -2
19 154 -1 63 89 -1 19 154 -1 52 159 -1 137 154 -1 119 120 -1 -2
38 39 -1 -2
24 25 112 -1 47 150 220 221 -1 70 71 175 -1 27 29 73 75 98 -1 106 199 -1 73 75 126 127 -1 106 217 -1 125 126 180 -1 71 106 -1 74 75 125 126 -1 137 -1 -2
38 39 -1 -2
31 38 39 -1 -2
31 32 38 39 -1 -2
93 201 -1 87 -1 115 116 197 214 -1 47 48 149 150 -1 70 142 187 -1 23 25 55 110 -1 10 27 135 -1 70 175 -1 9 10 27 29 -1 70 71 -1 27 73 75 -1 71 106 -1 73 75 126 127 -1 19 154 -1 63 89 -1 -2
19 154 -1 12 120 -1 63 64 89 -1 19 65 217 -1 63 64 207 -1 106 217 -1 63 126 178 180 -1 19 106 217 -1 11 12 62 120 -1 44 159 -1 -2
32 165 -1 -2
31 32 66 165 -1 -2
26 27 136 155 -1 142 187 -1 27 135 136 155 156 -1 70 71 -1 10 27 75 -1 70 175 -1 10 26 27 75 -1 70 137 -1 9 10 173 -1 -2
1 2 3 116 147 -1 42 55 110 -1 55 113 -1 13 14 190 196 -1 -2
1 2 115 116 -1 9 10 27 29 73 75 -1 71 106 -1 73 75 -1 106 154 -1 61 120 -1 -2
